NumVertices: 100
NumEdges: 1846
1 4 1 0.118708
2 11 1 0.154320
3 24 1 0.286810
4 36 1 0.138122
5 46 1 0.221315
6 49 1 0.266509
7 54 1 0.195347
8 55 1 0.105267
9 57 1 0.204686
10 62 1 0.167151
11 68 1 0.187302
12 70 1 0.295644
13 75 1 0.225136
14 78 1 0.092771
15 82 1 0.237213
16 84 1 0.268881
17 85 1 0.161358
18 87 1 0.133670
19 98 1 0.181818
20 14 2 0.231769
21 16 2 0.233783
22 24 2 0.282240
23 26 2 0.174679
24 30 2 0.293851
25 33 2 0.239982
26 35 2 0.275050
27 37 2 0.282082
28 38 2 0.180113
29 40 2 0.222075
30 41 2 0.270118
31 63 2 0.096447
32 68 2 0.209431
33 69 2 0.237868
34 70 2 0.140146
35 71 2 0.278370
36 74 2 0.170778
37 77 2 0.251275
38 80 2 0.157076
39 81 2 0.192619
40 83 2 0.227765
41 88 2 0.269114
42 89 2 0.056933
43 94 2 0.283248
44 5 3 0.148372
45 6 3 0.278307
46 13 3 0.209596
47 19 3 0.223825
48 28 3 0.058690
49 39 3 0.028845
50 56 3 0.151764
51 72 3 0.171493
52 76 3 0.216967
53 96 3 0.241343
54 99 3 0.269178
55 1 4 0.118708
56 11 4 0.218759
57 20 4 0.255250
58 27 4 0.292327
59 29 4 0.268125
60 36 4 0.124993
61 46 4 0.289095
62 49 4 0.202970
63 53 4 0.229514
64 54 4 0.158310
65 55 4 0.216391
66 58 4 0.272816
67 61 4 0.231921
68 62 4 0.176393
69 68 4 0.248678
70 73 4 0.275831
71 75 4 0.215875
72 78 4 0.102921
73 84 4 0.294439
74 85 4 0.102227
75 87 4 0.206536
76 91 4 0.209809
77 3 5 0.148372
78 6 5 0.290321
79 8 5 0.199901
80 13 5 0.062512
81 19 5 0.197113
82 28 5 0.126579
83 32 5 0.281065
84 39 5 0.136119
85 48 5 0.244552
86 56 5 0.189345
87 64 5 0.279006
88 72 5 0.080617
89 76 5 0.164257
90 95 5 0.261382
91 96 5 0.093264
92 3 6 0.278307
93 5 6 0.290321
94 19 6 0.100407
95 27 6 0.070914
96 28 6 0.225069
97 31 6 0.038078
98 39 6 0.251338
99 48 6 0.220330
100 49 6 0.205538
101 53 6 0.131467
102 56 6 0.126614
103 58 6 0.068720
104 73 6 0.064073
105 76 6 0.142158
106 99 6 0.089710
107 11 7 0.280636
108 15 7 0.166609
109 20 7 0.109094
110 23 7 0.127775
111 29 7 0.109591
112 36 7 0.252710
113 43 7 0.103996
114 45 7 0.087864
115 46 7 0.277229
116 50 7 0.056326
117 51 7 0.176087
118 54 7 0.203549
119 61 7 0.239231
120 65 7 0.196092
121 84 7 0.170362
122 85 7 0.258413
123 91 7 0.257601
124 5 8 0.199901
125 9 8 0.243975
126 10 8 0.204832
127 13 8 0.141144
128 17 8 0.189655
129 18 8 0.213226
130 32 8 0.085557
131 48 8 0.222594
132 59 8 0.247100
133 64 8 0.121655
134 72 8 0.216338
135 76 8 0.257620
136 90 8 0.276174
137 93 8 0.220611
138 94 8 0.280962
139 95 8 0.066206
140 96 8 0.108563
141 100 8 0.272289
142 8 9 0.243975
143 16 9 0.281213
144 17 9 0.066243
145 18 9 0.283023
146 19 9 0.257209
147 32 9 0.279760
148 48 9 0.105493
149 49 9 0.170550
150 53 9 0.222161
151 58 9 0.272980
152 62 9 0.197884
153 64 9 0.139177
154 68 9 0.236208
155 70 9 0.225642
156 73 9 0.280457
157 75 9 0.139952
158 76 9 0.237730
159 93 9 0.069103
160 94 9 0.198980
161 95 9 0.217217
162 96 9 0.289196
163 8 10 0.204832
164 16 10 0.275369
165 17 10 0.272087
166 18 10 0.076910
167 32 10 0.120931
168 35 10 0.249228
169 37 10 0.240818
170 52 10 0.143206
171 59 10 0.057398
172 60 10 0.220342
173 64 10 0.209460
174 90 10 0.110124
175 93 10 0.276916
176 94 10 0.228596
177 95 10 0.158394
178 100 10 0.092026
179 1 11 0.154320
180 4 11 0.218759
181 7 11 0.280636
182 12 11 0.268344
183 20 11 0.226258
184 23 11 0.178699
185 24 11 0.282941
186 29 11 0.253973
187 34 11 0.191340
188 36 11 0.120107
189 43 11 0.178579
190 46 11 0.070913
191 54 11 0.156735
192 55 11 0.107872
193 57 11 0.156634
194 66 11 0.193036
195 67 11 0.265138
196 78 11 0.116931
197 82 11 0.207948
198 84 11 0.127028
199 85 11 0.173263
200 87 11 0.022893
201 98 11 0.166470
202 11 12 0.268344
203 21 12 0.164605
204 24 12 0.109306
205 30 12 0.239576
206 34 12 0.192769
207 38 12 0.291865
208 42 12 0.062950
209 44 12 0.105251
210 46 12 0.239170
211 47 12 0.240296
212 55 12 0.225317
213 57 12 0.125466
214 66 12 0.190667
215 67 12 0.070450
216 71 12 0.282993
217 74 12 0.271988
218 79 12 0.096515
219 80 12 0.236491
220 82 12 0.095513
221 87 12 0.263219
222 92 12 0.273687
223 97 12 0.250536
224 98 12 0.147967
225 3 13 0.209596
226 5 13 0.062512
227 8 13 0.141144
228 17 13 0.277933
229 19 13 0.230167
230 28 13 0.188569
231 32 13 0.219792
232 39 13 0.198558
233 48 13 0.237017
234 56 13 0.241789
235 64 13 0.233926
236 72 13 0.087317
237 76 13 0.191299
238 95 13 0.205186
239 96 13 0.032581
240 2 14 0.231769
241 16 14 0.215772
242 25 14 0.163219
243 26 14 0.158845
244 33 14 0.157486
245 35 14 0.213220
246 37 14 0.221088
247 40 14 0.137505
248 41 14 0.178959
249 60 14 0.233056
250 63 14 0.199148
251 69 14 0.112283
252 77 14 0.056572
253 81 14 0.067301
254 83 14 0.138933
255 86 14 0.109389
256 88 14 0.103974
257 89 14 0.275174
258 7 15 0.166609
259 20 15 0.180385
260 23 15 0.288510
261 29 15 0.153864
262 43 15 0.253129
263 45 15 0.078813
264 50 15 0.115721
265 51 15 0.010001
266 54 15 0.274898
267 61 15 0.189315
268 65 15 0.093554
269 91 15 0.215772
270 2 16 0.233783
271 9 16 0.281213
272 10 16 0.275369
273 14 16 0.215772
274 17 16 0.253168
275 18 16 0.201423
276 25 16 0.230949
277 35 16 0.049987
278 37 16 0.054074
279 40 16 0.080112
280 52 16 0.211979
281 59 16 0.229395
282 60 16 0.095946
283 63 16 0.137605
284 64 16 0.266624
285 70 16 0.204610
286 77 16 0.271119
287 81 16 0.247209
288 83 16 0.080520
289 86 16 0.230745
290 89 16 0.230900
291 90 16 0.176228
292 93 16 0.221497
293 94 16 0.093583
294 100 16 0.200764
295 8 17 0.189655
296 9 17 0.066243
297 10 17 0.272087
298 13 17 0.277933
299 16 17 0.253168
300 18 17 0.220456
301 19 17 0.280138
302 32 17 0.215753
303 35 17 0.278525
304 37 17 0.274408
305 48 17 0.130273
306 49 17 0.233400
307 53 17 0.277156
308 59 17 0.276229
309 62 17 0.260127
310 64 17 0.075170
311 68 17 0.284773
312 70 17 0.250758
313 75 17 0.203875
314 76 17 0.252095
315 90 17 0.266446
316 93 17 0.037644
317 94 17 0.162121
318 95 17 0.154212
319 96 17 0.253413
320 100 17 0.279313
321 8 18 0.213226
322 9 18 0.283023
323 10 18 0.076910
324 16 18 0.201423
325 17 18 0.220456
326 32 18 0.145251
327 35 18 0.180883
328 37 18 0.172548
329 40 18 0.259994
330 52 18 0.128036
331 59 18 0.056088
332 60 18 0.160331
333 64 18 0.172417
334 83 18 0.256812
335 90 18 0.063031
336 93 18 0.217166
337 94 18 0.152127
338 95 18 0.151319
339 100 18 0.063973
340 3 19 0.223825
341 5 19 0.197113
342 6 19 0.100407
343 9 19 0.257209
344 13 19 0.230167
345 17 19 0.280138
346 27 19 0.168076
347 28 19 0.165227
348 31 19 0.132606
349 39 19 0.194980
350 48 19 0.153234
351 49 19 0.211587
352 53 19 0.160143
353 56 19 0.092826
354 58 19 0.130320
355 72 19 0.277107
356 73 19 0.131784
357 76 19 0.042029
358 96 19 0.240700
359 99 19 0.166996
360 4 20 0.255250
361 7 20 0.109094
362 11 20 0.226258
363 15 20 0.180385
364 23 20 0.150028
365 29 20 0.028271
366 36 20 0.160008
367 43 20 0.104507
368 45 20 0.123921
369 46 20 0.250355
370 50 20 0.130821
371 51 20 0.186228
372 54 20 0.103891
373 61 20 0.150098
374 65 20 0.151675
375 78 20 0.205381
376 84 20 0.161471
377 85 20 0.153841
378 87 20 0.240164
379 91 20 0.162100
380 12 21 0.164605
381 22 21 0.167637
382 24 21 0.250960
383 30 21 0.270608
384 34 21 0.267582
385 42 21 0.127884
386 44 21 0.102109
387 47 21 0.232374
388 57 21 0.286666
389 66 21 0.264851
390 67 21 0.145841
391 79 21 0.068200
392 82 21 0.259935
393 92 21 0.155719
394 97 21 0.102806
395 21 22 0.167637
396 30 22 0.268545
397 42 22 0.246163
398 44 22 0.202694
399 47 22 0.208230
400 79 22 0.221120
401 92 22 0.043960
402 97 22 0.066030
403 7 23 0.127775
404 11 23 0.178699
405 15 23 0.288510
406 20 23 0.150028
407 29 23 0.172655
408 34 23 0.219953
409 36 23 0.204678
410 43 23 0.045683
411 45 23 0.210825
412 46 23 0.156053
413 50 23 0.184071
414 54 23 0.181418
415 55 23 0.286220
416 65 23 0.293130
417 66 23 0.222685
418 78 23 0.239092
419 84 23 0.052153
420 85 23 0.236051
421 87 23 0.201037
422 1 24 0.286810
423 2 24 0.282240
424 11 24 0.282941
425 12 24 0.109306
426 21 24 0.250960
427 30 24 0.188723
428 34 24 0.277698
429 38 24 0.200785
430 42 24 0.123145
431 44 24 0.158090
432 46 24 0.281048
433 47 24 0.217242
434 55 24 0.200843
435 57 24 0.128651
436 66 24 0.276201
437 67 24 0.178484
438 71 24 0.222749
439 74 24 0.176573
440 79 24 0.189147
441 80 24 0.128369
442 82 24 0.077534
443 87 24 0.269451
444 89 24 0.279953
445 98 24 0.119233
446 14 25 0.163219
447 16 25 0.230949
448 35 25 0.193836
449 37 25 0.197125
450 40 25 0.169368
451 52 25 0.224788
452 60 25 0.177123
453 69 25 0.262707
454 77 25 0.197525
455 81 25 0.230414
456 83 25 0.165058
457 86 25 0.058611
458 88 25 0.237641
459 90 25 0.262803
460 100 25 0.274092
461 2 26 0.174679
462 14 26 0.158845
463 30 26 0.260169
464 33 26 0.067064
465 38 26 0.162449
466 40 26 0.253484
467 41 26 0.095849
468 63 26 0.216018
469 69 26 0.083993
470 71 26 0.221643
471 74 26 0.181077
472 77 26 0.134489
473 80 26 0.238546
474 81 26 0.091586
475 83 26 0.257688
476 86 26 0.265927
477 88 26 0.122715
478 89 26 0.231598
479 4 27 0.292327
480 6 27 0.070914
481 19 27 0.168076
482 28 27 0.292843
483 31 27 0.035522
484 48 27 0.262973
485 49 27 0.202848
486 53 27 0.127503
487 56 27 0.193614
488 58 27 0.067966
489 73 27 0.060547
490 76 27 0.208592
491 91 27 0.291045
492 99 27 0.104130
493 3 28 0.058690
494 5 28 0.126579
495 6 28 0.225069
496 13 28 0.188569
497 19 28 0.165227
498 27 28 0.292843
499 31 28 0.263041
500 39 28 0.029899
501 48 28 0.285398
502 56 28 0.099242
503 58 28 0.282035
504 72 28 0.176561
505 73 28 0.280781
506 76 28 0.159065
507 96 28 0.217445
508 99 28 0.228140
509 4 29 0.268125
510 7 29 0.109591
511 11 29 0.253973
512 15 29 0.153864
513 20 29 0.028271
514 23 29 0.172655
515 36 29 0.181829
516 43 29 0.127922
517 45 29 0.103806
518 46 29 0.278563
519 50 29 0.118502
520 51 29 0.159261
521 54 29 0.124184
522 61 29 0.133926
523 65 29 0.124235
524 78 29 0.226871
525 84 29 0.188115
526 85 29 0.168980
527 87 29 0.267387
528 91 29 0.149632
529 2 30 0.293851
530 12 30 0.239576
531 21 30 0.270608
532 22 30 0.268545
533 24 30 0.188723
534 26 30 0.260169
535 33 30 0.292911
536 38 30 0.117066
537 42 30 0.193042
538 44 30 0.181136
539 47 30 0.061538
540 71 30 0.045778
541 74 30 0.123281
542 79 30 0.248028
543 80 30 0.177231
544 82 30 0.263662
545 92 30 0.224843
546 97 30 0.266430
547 6 31 0.038078
548 19 31 0.132606
549 27 31 0.035522
550 28 31 0.263041
551 39 31 0.289089
552 48 31 0.233059
553 49 31 0.191210
554 53 31 0.114649
555 56 31 0.164343
556 58 31 0.048581
557 73 31 0.041369
558 76 31 0.173073
559 99 31 0.100389
560 5 32 0.281065
561 8 32 0.085557
562 9 32 0.279760
563 10 32 0.120931
564 13 32 0.219792
565 17 32 0.215753
566 18 32 0.145251
567 48 32 0.286534
568 52 32 0.257738
569 59 32 0.168198
570 64 32 0.140785
571 72 32 0.284270
572 90 32 0.205527
573 93 32 0.236292
574 94 32 0.252411
575 95 32 0.063127
576 96 32 0.187886
577 100 32 0.197115
578 2 33 0.239982
579 14 33 0.157486
580 26 33 0.067064
581 30 33 0.292911
582 38 33 0.212560
583 40 33 0.278905
584 41 33 0.031340
585 63 33 0.269998
586 69 33 0.047210
587 71 33 0.249686
588 74 33 0.235310
589 77 33 0.112387
590 81 33 0.101393
591 83 33 0.282109
592 86 33 0.251488
593 88 33 0.078738
594 11 34 0.191340
595 12 34 0.192769
596 21 34 0.267582
597 23 34 0.219953
598 24 34 0.277698
599 42 34 0.245161
600 43 34 0.256069
601 44 34 0.275936
602 46 34 0.123146
603 55 34 0.237351
604 57 34 0.181464
605 66 34 0.002732
606 67 34 0.140369
607 79 34 0.222810
608 82 34 0.211835
609 84 34 0.190388
610 87 34 0.203939
611 98 34 0.219486
612 2 35 0.275050
613 10 35 0.249228
614 14 35 0.213220
615 16 35 0.049987
616 17 35 0.278525
617 18 35 0.180883
618 25 35 0.193836
619 37 35 0.008414
620 40 35 0.079111
621 52 35 0.167153
622 59 35 0.198023
623 60 35 0.046864
624 63 35 0.180695
625 64 35 0.279141
626 70 35 0.254588
627 77 35 0.269793
628 81 35 0.256626
629 83 35 0.076032
630 86 35 0.204051
631 89 35 0.277424
632 90 35 0.142636
633 93 35 0.250691
634 94 35 0.117000
635 100 35 0.166140
636 1 36 0.138122
637 4 36 0.124993
638 7 36 0.252710
639 11 36 0.120107
640 20 36 0.160008
641 23 36 0.204678
642 29 36 0.181829
643 43 36 0.176575
644 45 36 0.283848
645 46 36 0.182398
646 50 36 0.288079
647 54 36 0.058119
648 55 36 0.177118
649 57 36 0.261313
650 61 36 0.213292
651 62 36 0.278791
652 65 36 0.276274
653 78 36 0.045394
654 84 36 0.169753
655 85 36 0.053158
656 87 36 0.119318
657 91 36 0.203047
658 98 36 0.258168
659 2 37 0.282082
660 10 37 0.240818
661 14 37 0.221088
662 16 37 0.054074
663 17 37 0.274408
664 18 37 0.172548
665 25 37 0.197125
666 35 37 0.008414
667 40 37 0.087456
668 52 37 0.160354
669 59 37 0.189705
670 60 37 0.041877
671 63 37 0.187316
672 64 37 0.273199
673 70 37 0.258368
674 77 37 0.277657
675 81 37 0.264950
676 83 37 0.084301
677 86 37 0.209398
678 89 37 0.283375
679 90 37 0.134364
680 93 37 0.247313
681 94 37 0.113613
682 95 37 0.296022
683 100 37 0.157953
684 2 38 0.180113
685 12 38 0.291865
686 24 38 0.200785
687 26 38 0.162449
688 30 38 0.117066
689 33 38 0.212560
690 41 38 0.228342
691 42 38 0.265857
692 44 38 0.270347
693 47 38 0.178226
694 63 38 0.271167
695 69 38 0.244585
696 71 38 0.098489
697 74 38 0.028307
698 77 38 0.296307
699 80 38 0.110073
700 81 38 0.246707
701 82 38 0.275815
702 88 38 0.283299
703 89 38 0.219137
704 3 39 0.028845
705 5 39 0.136119
706 6 39 0.251338
707 13 39 0.198558
708 19 39 0.194980
709 28 39 0.029899
710 31 39 0.289089
711 56 39 0.124748
712 72 39 0.172769
713 76 39 0.188683
714 96 39 0.229193
715 99 39 0.247245
716 2 40 0.222075
717 14 40 0.137505
718 16 40 0.080112
719 18 40 0.259994
720 25 40 0.169368
721 26 40 0.253484
722 33 40 0.278905
723 35 40 0.079111
724 37 40 0.087456
725 52 40 0.231415
726 59 40 0.274869
727 60 40 0.111715
728 63 40 0.138847
729 69 40 0.240070
730 70 40 0.241954
731 77 40 0.193713
732 81 40 0.177527
733 83 40 0.005690
734 86 40 0.156724
735 88 40 0.240177
736 89 40 0.238751
737 90 40 0.219252
738 94 40 0.173573
739 100 40 0.241765
740 2 41 0.270118
741 14 41 0.178959
742 26 41 0.095849
743 33 41 0.031340
744 38 41 0.228342
745 69 41 0.066846
746 71 41 0.253704
747 74 41 0.252868
748 77 41 0.128575
749 81 41 0.128611
750 86 41 0.265337
751 88 41 0.086618
752 12 42 0.062950
753 21 42 0.127884
754 22 42 0.246163
755 24 42 0.123145
756 30 42 0.193042
757 34 42 0.245161
758 38 42 0.265857
759 44 42 0.043803
760 47 42 0.183587
761 55 42 0.281542
762 57 42 0.183768
763 66 42 0.242804
764 67 42 0.107386
765 71 42 0.238381
766 74 42 0.250780
767 79 42 0.070170
768 80 42 0.234678
769 82 42 0.144683
770 92 42 0.213309
771 97 42 0.197733
772 98 42 0.200078
773 7 43 0.103996
774 11 43 0.178579
775 15 43 0.253129
776 20 43 0.104507
777 23 43 0.045683
778 29 43 0.127922
779 34 43 0.256069
780 36 43 0.176575
781 45 43 0.177883
782 46 43 0.174077
783 50 43 0.157696
784 51 43 0.261355
785 54 43 0.144147
786 55 43 0.285651
787 61 43 0.253176
788 65 43 0.250021
789 66 43 0.258776
790 78 43 0.215773
791 84 43 0.068774
792 85 43 0.200673
793 87 43 0.199064
794 91 43 0.262334
795 12 44 0.105251
796 21 44 0.102109
797 22 44 0.202694
798 24 44 0.158090
799 30 44 0.181136
800 34 44 0.275936
801 38 44 0.270347
802 42 44 0.043803
803 47 44 0.158520
804 57 44 0.227559
805 66 44 0.273430
806 67 44 0.135574
807 71 44 0.226820
808 74 44 0.259431
809 79 44 0.067124
810 80 44 0.256664
811 82 44 0.187927
812 92 44 0.169512
813 97 44 0.156690
814 98 44 0.243427
815 7 45 0.087864
816 15 45 0.078813
817 20 45 0.123921
818 23 45 0.210825
819 29 45 0.103806
820 36 45 0.283848
821 43 45 0.177883
822 50 45 0.041739
823 51 45 0.088229
824 54 45 0.227039
825 61 45 0.195298
826 65 45 0.124240
827 84 45 0.246654
828 85 45 0.272660
829 91 45 0.219048
830 1 46 0.221315
831 4 46 0.289095
832 7 46 0.277229
833 11 46 0.070913
834 12 46 0.239170
835 20 46 0.250355
836 23 46 0.156053
837 24 46 0.281048
838 29 46 0.278563
839 34 46 0.123146
840 36 46 0.182398
841 43 46 0.174077
842 54 46 0.205980
843 55 46 0.151275
844 57 46 0.153835
845 66 46 0.125104
846 67 46 0.219129
847 78 46 0.186570
848 82 46 0.203571
849 84 46 0.107133
850 85 46 0.234576
851 87 46 0.088192
852 98 46 0.178655
853 12 47 0.240296
854 21 47 0.232374
855 22 47 0.208230
856 24 47 0.217242
857 30 47 0.061538
858 38 47 0.178226
859 42 47 0.183587
860 44 47 0.158520
861 67 47 0.290114
862 71 47 0.091800
863 74 47 0.184639
864 79 47 0.224267
865 80 47 0.232779
866 82 47 0.285347
867 92 47 0.164899
868 97 47 0.211822
869 5 48 0.244552
870 6 48 0.220330
871 8 48 0.222594
872 9 48 0.105493
873 13 48 0.237017
874 17 48 0.130273
875 19 48 0.153234
876 27 48 0.262973
877 28 48 0.285398
878 31 48 0.233059
879 32 48 0.286534
880 49 48 0.153383
881 53 48 0.166476
882 56 48 0.242223
883 58 48 0.197236
884 62 48 0.250127
885 64 48 0.167302
886 73 48 0.203897
887 75 48 0.192578
888 76 48 0.132276
889 93 48 0.157849
890 94 48 0.290861
891 95 48 0.225993
892 96 48 0.226176
893 1 49 0.266509
894 4 49 0.202970
895 6 49 0.205538
896 9 49 0.170550
897 17 49 0.233400
898 19 49 0.211587
899 27 49 0.202848
900 31 49 0.191210
901 48 49 0.153383
902 53 49 0.076607
903 58 49 0.142697
904 62 49 0.142463
905 68 49 0.238672
906 73 49 0.149844
907 75 49 0.110251
908 76 49 0.222353
909 93 49 0.238821
910 99 49 0.290563
911 7 50 0.056326
912 15 50 0.115721
913 20 50 0.130821
914 23 50 0.184071
915 29 50 0.118502
916 36 50 0.288079
917 43 50 0.157696
918 45 50 0.041739
919 51 50 0.125605
920 54 50 0.233978
921 61 50 0.228973
922 65 50 0.164972
923 84 50 0.225428
924 85 50 0.284528
925 91 50 0.251206
926 7 51 0.176087
927 15 51 0.010001
928 20 51 0.186228
929 29 51 0.159261
930 43 51 0.261355
931 45 51 0.088229
932 50 51 0.125605
933 54 51 0.279015
934 61 51 0.187257
935 65 51 0.090164
936 91 51 0.213779
937 10 52 0.143206
938 16 52 0.211979
939 18 52 0.128036
940 25 52 0.224788
941 32 52 0.257738
942 35 52 0.167153
943 37 52 0.160354
944 40 52 0.231415
945 59 52 0.089572
946 60 52 0.122251
947 83 52 0.226315
948 86 52 0.271154
949 90 52 0.071194
950 94 52 0.219437
951 95 52 0.277152
952 100 52 0.064336
953 4 53 0.229514
954 6 53 0.131467
955 9 53 0.222161
956 17 53 0.277156
957 19 53 0.160143
958 27 53 0.127503
959 31 53 0.114649
960 48 53 0.166476
961 49 53 0.076607
962 56 53 0.236490
963 58 53 0.066240
964 62 53 0.215643
965 73 53 0.073283
966 75 53 0.186838
967 76 53 0.183175
968 93 53 0.290958
969 99 53 0.214358
970 1 54 0.195347
971 4 54 0.158310
972 7 54 0.203549
973 11 54 0.156735
974 15 54 0.274898
975 20 54 0.103891
976 23 54 0.181418
977 29 54 0.124184
978 36 54 0.058119
979 43 54 0.144147
980 45 54 0.227039
981 46 54 0.205980
982 50 54 0.233978
983 51 54 0.279015
984 55 54 0.231284
985 61 54 0.167256
986 65 54 0.220551
987 78 54 0.102751
988 84 54 0.160156
989 85 54 0.057190
990 87 54 0.162843
991 91 54 0.162300
992 1 55 0.105267
993 4 55 0.216391
994 11 55 0.107872
995 12 55 0.225317
996 23 55 0.286220
997 24 55 0.200843
998 34 55 0.237351
999 36 55 0.177118
1000 42 55 0.281542
1001 43 55 0.285651
1002 46 55 0.151275
1003 54 55 0.231284
1004 57 55 0.100254
1005 62 55 0.253583
1006 66 55 0.237915
1007 67 55 0.250788
1008 68 55 0.235178
1009 78 55 0.144358
1010 80 55 0.262340
1011 82 55 0.138661
1012 84 55 0.234251
1013 85 55 0.221789
1014 87 55 0.086592
1015 98 55 0.084048
1016 3 56 0.151764
1017 5 56 0.189345
1018 6 56 0.126614
1019 13 56 0.241789
1020 19 56 0.092826
1021 27 56 0.193614
1022 28 56 0.099242
1023 31 56 0.164343
1024 39 56 0.124748
1025 48 56 0.242223
1026 53 56 0.236490
1027 58 56 0.187384
1028 72 56 0.258838
1029 73 56 0.185212
1030 76 56 0.112002
1031 96 56 0.262929
1032 99 56 0.136713
1033 1 57 0.204686
1034 11 57 0.156634
1035 12 57 0.125466
1036 21 57 0.286666
1037 24 57 0.128651
1038 34 57 0.181464
1039 36 57 0.261313
1040 42 57 0.183768
1041 44 57 0.227559
1042 46 57 0.153835
1043 55 57 0.100254
1044 66 57 0.180936
1045 67 57 0.154172
1046 78 57 0.236778
1047 79 57 0.218830
1048 80 57 0.231456
1049 82 57 0.051702
1050 84 57 0.259494
1051 87 57 0.146040
1052 98 57 0.038935
1053 4 58 0.272816
1054 6 58 0.068720
1055 9 58 0.272980
1056 19 58 0.130320
1057 27 58 0.067966
1058 28 58 0.282035
1059 31 58 0.048581
1060 48 58 0.197236
1061 49 58 0.142697
1062 53 58 0.066240
1063 56 58 0.187384
1064 62 58 0.281311
1065 73 58 0.007625
1066 75 58 0.252784
1067 76 58 0.165030
1068 99 58 0.148154
1069 8 59 0.247100
1070 10 59 0.057398
1071 16 59 0.229395
1072 17 59 0.276229
1073 18 59 0.056088
1074 32 59 0.168198
1075 35 59 0.198023
1076 37 59 0.189705
1077 40 59 0.274869
1078 52 59 0.089572
1079 60 59 0.165457
1080 64 59 0.224858
1081 83 59 0.270796
1082 90 59 0.055617
1083 93 59 0.273192
1084 94 59 0.198143
1085 95 59 0.191550
1086 100 59 0.034874
1087 10 60 0.220342
1088 14 60 0.233056
1089 16 60 0.095946
1090 18 60 0.160331
1091 25 60 0.177123
1092 35 60 0.046864
1093 37 60 0.041877
1094 40 60 0.111715
1095 52 60 0.122251
1096 59 60 0.165457
1097 63 60 0.226936
1098 64 60 0.286136
1099 77 60 0.288809
1100 81 60 0.284301
1101 83 60 0.107096
1102 86 60 0.200590
1103 90 60 0.110338
1104 93 60 0.273704
1105 94 60 0.142489
1106 100 60 0.131405
1107 4 61 0.231921
1108 7 61 0.239231
1109 15 61 0.189315
1110 20 61 0.150098
1111 29 61 0.133926
1112 36 61 0.213292
1113 43 61 0.253176
1114 45 61 0.195298
1115 50 61 0.228973
1116 51 61 0.187257
1117 54 61 0.167256
1118 65 61 0.098194
1119 78 61 0.246709
1120 85 61 0.168839
1121 91 61 0.026531
1122 1 62 0.167151
1123 4 62 0.176393
1124 9 62 0.197884
1125 17 62 0.260127
1126 36 62 0.278791
1127 48 62 0.250127
1128 49 62 0.142463
1129 53 62 0.215643
1130 55 62 0.253583
1131 58 62 0.281311
1132 68 62 0.101106
1133 70 62 0.188131
1134 73 62 0.287916
1135 75 62 0.059478
1136 78 62 0.238258
1137 85 62 0.274361
1138 89 62 0.251293
1139 93 62 0.243946
1140 2 63 0.096447
1141 14 63 0.199148
1142 16 63 0.137605
1143 26 63 0.216018
1144 33 63 0.269998
1145 35 63 0.180695
1146 37 63 0.187316
1147 38 63 0.271167
1148 40 63 0.138847
1149 60 63 0.226936
1150 68 63 0.223777
1151 69 63 0.250565
1152 70 63 0.119341
1153 74 63 0.265100
1154 77 63 0.238260
1155 80 63 0.251861
1156 81 63 0.189158
1157 83 63 0.144336
1158 86 63 0.273399
1159 88 63 0.271142
1160 89 63 0.100189
1161 93 63 0.270231
1162 94 63 0.191390
1163 5 64 0.279006
1164 8 64 0.121655
1165 9 64 0.139177
1166 10 64 0.209460
1167 13 64 0.233926
1168 16 64 0.266624
1169 17 64 0.075170
1170 18 64 0.172417
1171 32 64 0.140785
1172 35 64 0.279141
1173 37 64 0.273199
1174 48 64 0.167302
1175 59 64 0.224858
1176 60 64 0.286136
1177 75 64 0.278522
1178 76 64 0.262508
1179 90 64 0.228574
1180 93 64 0.100483
1181 94 64 0.173757
1182 95 64 0.079066
1183 96 64 0.204915
1184 100 64 0.235804
1185 7 65 0.196092
1186 15 65 0.093554
1187 20 65 0.151675
1188 23 65 0.293130
1189 29 65 0.124235
1190 36 65 0.276274
1191 43 65 0.250021
1192 45 65 0.124240
1193 50 65 0.164972
1194 51 65 0.090164
1195 54 65 0.220551
1196 61 65 0.098194
1197 85 65 0.243117
1198 91 65 0.124665
1199 11 66 0.193036
1200 12 66 0.190667
1201 21 66 0.264851
1202 23 66 0.222685
1203 24 66 0.276201
1204 34 66 0.002732
1205 42 66 0.242804
1206 43 66 0.258776
1207 44 66 0.273430
1208 46 66 0.125104
1209 55 66 0.237915
1210 57 66 0.180936
1211 67 66 0.137857
1212 79 66 0.220158
1213 82 66 0.210747
1214 84 66 0.193050
1215 87 66 0.205420
1216 98 66 0.219069
1217 11 67 0.265138
1218 12 67 0.070450
1219 21 67 0.145841
1220 24 67 0.178484
1221 34 67 0.140369
1222 42 67 0.107386
1223 44 67 0.135574
1224 46 67 0.219129
1225 47 67 0.290114
1226 55 67 0.250788
1227 57 67 0.154172
1228 66 67 0.137857
1229 79 67 0.087096
1230 82 67 0.145782
1231 87 67 0.266058
1232 92 67 0.285723
1233 97 67 0.246059
1234 98 67 0.187426
1235 1 68 0.187302
1236 2 68 0.209431
1237 4 68 0.248678
1238 9 68 0.236208
1239 17 68 0.284773
1240 49 68 0.238672
1241 55 68 0.235178
1242 62 68 0.101106
1243 63 68 0.223777
1244 70 68 0.109285
1245 75 68 0.133837
1246 78 68 0.277416
1247 80 68 0.241005
1248 89 68 0.153417
1249 93 68 0.257068
1250 94 68 0.292802
1251 98 68 0.258750
1252 2 69 0.237868
1253 14 69 0.112283
1254 25 69 0.262707
1255 26 69 0.083993
1256 33 69 0.047210
1257 38 69 0.244585
1258 40 69 0.240070
1259 41 69 0.066846
1260 63 69 0.250565
1261 71 69 0.291888
1262 74 69 0.264549
1263 77 69 0.065183
1264 81 69 0.065600
1265 83 69 0.242779
1266 86 69 0.204316
1267 88 69 0.038827
1268 89 69 0.292772
1269 1 70 0.295644
1270 2 70 0.140146
1271 9 70 0.225642
1272 16 70 0.204610
1273 17 70 0.250758
1274 35 70 0.254588
1275 37 70 0.258368
1276 40 70 0.241954
1277 62 70 0.188131
1278 63 70 0.119341
1279 68 70 0.109285
1280 74 70 0.290483
1281 75 70 0.189725
1282 80 70 0.242802
1283 83 70 0.246666
1284 89 70 0.088676
1285 93 70 0.215171
1286 94 70 0.203490
1287 2 71 0.278370
1288 12 71 0.282993
1289 24 71 0.222749
1290 26 71 0.221643
1291 30 71 0.045778
1292 33 71 0.249686
1293 38 71 0.098489
1294 41 71 0.253704
1295 42 71 0.238381
1296 44 71 0.226820
1297 47 71 0.091800
1298 69 71 0.291888
1299 74 71 0.114714
1300 79 71 0.293766
1301 80 71 0.185072
1302 92 71 0.255591
1303 3 72 0.171493
1304 5 72 0.080617
1305 8 72 0.216338
1306 13 72 0.087317
1307 19 72 0.277107
1308 28 72 0.176561
1309 32 72 0.284270
1310 39 72 0.172769
1311 56 72 0.258838
1312 76 72 0.244874
1313 95 72 0.282465
1314 96 72 0.114539
1315 4 73 0.275831
1316 6 73 0.064073
1317 9 73 0.280457
1318 19 73 0.131784
1319 27 73 0.060547
1320 28 73 0.280781
1321 31 73 0.041369
1322 48 73 0.203897
1323 49 73 0.149844
1324 53 73 0.073283
1325 56 73 0.185212
1326 58 73 0.007625
1327 62 73 0.287916
1328 75 73 0.260000
1329 76 73 0.167630
1330 99 73 0.141344
1331 2 74 0.170778
1332 12 74 0.271988
1333 24 74 0.176573
1334 26 74 0.181077
1335 30 74 0.123281
1336 33 74 0.235310
1337 38 74 0.028307
1338 41 74 0.252868
1339 42 74 0.250780
1340 44 74 0.259431
1341 47 74 0.184639
1342 63 74 0.265100
1343 69 74 0.264549
1344 70 74 0.290483
1345 71 74 0.114714
1346 80 74 0.082012
1347 81 74 0.260867
1348 82 74 0.250283
1349 89 74 0.203986
1350 98 74 0.275450
1351 1 75 0.225136
1352 4 75 0.215875
1353 9 75 0.139952
1354 17 75 0.203875
1355 48 75 0.192578
1356 49 75 0.110251
1357 53 75 0.186838
1358 58 75 0.252784
1359 62 75 0.059478
1360 64 75 0.278522
1361 68 75 0.133837
1362 70 75 0.189725
1363 73 75 0.260000
1364 78 75 0.290351
1365 89 75 0.267061
1366 93 75 0.191384
1367 94 75 0.285657
1368 3 76 0.216967
1369 5 76 0.164257
1370 6 76 0.142158
1371 8 76 0.257620
1372 9 76 0.237730
1373 13 76 0.191299
1374 17 76 0.252095
1375 19 76 0.042029
1376 27 76 0.208592
1377 28 76 0.159065
1378 31 76 0.173073
1379 39 76 0.188683
1380 48 76 0.132276
1381 49 76 0.222353
1382 53 76 0.183175
1383 56 76 0.112002
1384 58 76 0.165030
1385 64 76 0.262508
1386 72 76 0.244874
1387 73 76 0.167630
1388 93 76 0.284743
1389 95 76 0.292136
1390 96 76 0.199926
1391 99 76 0.207190
1392 2 77 0.251275
1393 14 77 0.056572
1394 16 77 0.271119
1395 25 77 0.197525
1396 26 77 0.134489
1397 33 77 0.112387
1398 35 77 0.269793
1399 37 77 0.277657
1400 38 77 0.296307
1401 40 77 0.193713
1402 41 77 0.128575
1403 60 77 0.288809
1404 63 77 0.238260
1405 69 77 0.065183
1406 81 77 0.059290
1407 83 77 0.195324
1408 86 77 0.139162
1409 88 77 0.047749
1410 1 78 0.092771
1411 4 78 0.102921
1412 11 78 0.116931
1413 20 78 0.205381
1414 23 78 0.239092
1415 29 78 0.226871
1416 36 78 0.045394
1417 43 78 0.215773
1418 46 78 0.186570
1419 54 78 0.102751
1420 55 78 0.144358
1421 57 78 0.236778
1422 61 78 0.246709
1423 62 78 0.238258
1424 68 78 0.277416
1425 75 78 0.290351
1426 82 78 0.281285
1427 84 78 0.198386
1428 85 78 0.077974
1429 87 78 0.107528
1430 91 78 0.233026
1431 98 78 0.227971
1432 12 79 0.096515
1433 21 79 0.068200
1434 22 79 0.221120
1435 24 79 0.189147
1436 30 79 0.248028
1437 34 79 0.222810
1438 42 79 0.070170
1439 44 79 0.067124
1440 47 79 0.224267
1441 57 79 0.218830
1442 66 79 0.220158
1443 67 79 0.087096
1444 71 79 0.293766
1445 82 79 0.191975
1446 92 79 0.198678
1447 97 79 0.161310
1448 98 79 0.244150
1449 2 80 0.157076
1450 12 80 0.236491
1451 24 80 0.128369
1452 26 80 0.238546
1453 30 80 0.177231
1454 38 80 0.110073
1455 42 80 0.234678
1456 44 80 0.256664
1457 47 80 0.232779
1458 55 80 0.262340
1459 57 80 0.231456
1460 63 80 0.251861
1461 68 80 0.241005
1462 70 80 0.242802
1463 71 80 0.185072
1464 74 80 0.082012
1465 82 80 0.189847
1466 89 80 0.166764
1467 98 80 0.204013
1468 2 81 0.192619
1469 14 81 0.067301
1470 16 81 0.247209
1471 25 81 0.230414
1472 26 81 0.091586
1473 33 81 0.101393
1474 35 81 0.256626
1475 37 81 0.264950
1476 38 81 0.246707
1477 40 81 0.177527
1478 41 81 0.128611
1479 60 81 0.284301
1480 63 81 0.189158
1481 69 81 0.065600
1482 74 81 0.260867
1483 77 81 0.059290
1484 83 81 0.180717
1485 86 81 0.175489
1486 88 81 0.082114
1487 89 81 0.243671
1488 1 82 0.237213
1489 11 82 0.207948
1490 12 82 0.095513
1491 21 82 0.259935
1492 24 82 0.077534
1493 30 82 0.263662
1494 34 82 0.211835
1495 38 82 0.275815
1496 42 82 0.144683
1497 44 82 0.187927
1498 46 82 0.203571
1499 47 82 0.285347
1500 55 82 0.138661
1501 57 82 0.051702
1502 66 82 0.210747
1503 67 82 0.145782
1504 74 82 0.250283
1505 78 82 0.281285
1506 79 82 0.191975
1507 80 82 0.189847
1508 87 82 0.196296
1509 98 82 0.055537
1510 2 83 0.227765
1511 14 83 0.138933
1512 16 83 0.080520
1513 18 83 0.256812
1514 25 83 0.165058
1515 26 83 0.257688
1516 33 83 0.282109
1517 35 83 0.076032
1518 37 83 0.084301
1519 40 83 0.005690
1520 52 83 0.226315
1521 59 83 0.270796
1522 60 83 0.107096
1523 63 83 0.144336
1524 69 83 0.242779
1525 70 83 0.246666
1526 77 83 0.195324
1527 81 83 0.180717
1528 86 83 0.153989
1529 88 83 0.242049
1530 89 83 0.244293
1531 90 83 0.215190
1532 94 83 0.173642
1533 100 83 0.237529
1534 1 84 0.268881
1535 4 84 0.294439
1536 7 84 0.170362
1537 11 84 0.127028
1538 20 84 0.161471
1539 23 84 0.052153
1540 29 84 0.188115
1541 34 84 0.190388
1542 36 84 0.169753
1543 43 84 0.068774
1544 45 84 0.246654
1545 46 84 0.107133
1546 50 84 0.225428
1547 54 84 0.160156
1548 55 84 0.234251
1549 57 84 0.259494
1550 66 84 0.193050
1551 78 84 0.198386
1552 85 84 0.209252
1553 87 84 0.149581
1554 98 84 0.280521
1555 1 85 0.161358
1556 4 85 0.102227
1557 7 85 0.258413
1558 11 85 0.173263
1559 20 85 0.153841
1560 23 85 0.236051
1561 29 85 0.168980
1562 36 85 0.053158
1563 43 85 0.200673
1564 45 85 0.272660
1565 46 85 0.234576
1566 50 85 0.284528
1567 54 85 0.057190
1568 55 85 0.221789
1569 61 85 0.168839
1570 62 85 0.274361
1571 65 85 0.243117
1572 78 85 0.077974
1573 84 85 0.209252
1574 87 85 0.171723
1575 91 85 0.155211
1576 14 86 0.109389
1577 16 86 0.230745
1578 25 86 0.058611
1579 26 86 0.265927
1580 33 86 0.251488
1581 35 86 0.204051
1582 37 86 0.209398
1583 40 86 0.156724
1584 41 86 0.265337
1585 52 86 0.271154
1586 60 86 0.200590
1587 63 86 0.273399
1588 69 86 0.204316
1589 77 86 0.139162
1590 81 86 0.175489
1591 83 86 0.153989
1592 88 86 0.179100
1593 1 87 0.133670
1594 4 87 0.206536
1595 11 87 0.022893
1596 12 87 0.263219
1597 20 87 0.240164
1598 23 87 0.201037
1599 24 87 0.269451
1600 29 87 0.267387
1601 34 87 0.203939
1602 36 87 0.119318
1603 43 87 0.199064
1604 46 87 0.088192
1605 54 87 0.162843
1606 55 87 0.086592
1607 57 87 0.146040
1608 66 87 0.205420
1609 67 87 0.266058
1610 78 87 0.107528
1611 82 87 0.196296
1612 84 87 0.149581
1613 85 87 0.171723
1614 98 87 0.151232
1615 2 88 0.269114
1616 14 88 0.103974
1617 25 88 0.237641
1618 26 88 0.122715
1619 33 88 0.078738
1620 38 88 0.283299
1621 40 88 0.240177
1622 41 88 0.086618
1623 63 88 0.271142
1624 69 88 0.038827
1625 77 88 0.047749
1626 81 88 0.082114
1627 83 88 0.242049
1628 86 88 0.179100
1629 2 89 0.056933
1630 14 89 0.275174
1631 16 89 0.230900
1632 24 89 0.279953
1633 26 89 0.231598
1634 35 89 0.277424
1635 37 89 0.283375
1636 38 89 0.219137
1637 40 89 0.238751
1638 62 89 0.251293
1639 63 89 0.100189
1640 68 89 0.153417
1641 69 89 0.292772
1642 70 89 0.088676
1643 74 89 0.203986
1644 75 89 0.267061
1645 80 89 0.166764
1646 81 89 0.243671
1647 83 89 0.244293
1648 94 89 0.261713
1649 8 90 0.276174
1650 10 90 0.110124
1651 16 90 0.176228
1652 17 90 0.266446
1653 18 90 0.063031
1654 25 90 0.262803
1655 32 90 0.205527
1656 35 90 0.142636
1657 37 90 0.134364
1658 40 90 0.219252
1659 52 90 0.071194
1660 59 90 0.055617
1661 60 90 0.110338
1662 64 90 0.228574
1663 83 90 0.215190
1664 93 90 0.255952
1665 94 90 0.158655
1666 95 90 0.214234
1667 100 90 0.024632
1668 4 91 0.209809
1669 7 91 0.257601
1670 15 91 0.215772
1671 20 91 0.162100
1672 27 91 0.291045
1673 29 91 0.149632
1674 36 91 0.203047
1675 43 91 0.262334
1676 45 91 0.219048
1677 50 91 0.251206
1678 51 91 0.213779
1679 54 91 0.162300
1680 61 91 0.026531
1681 65 91 0.124665
1682 78 91 0.233026
1683 85 91 0.155211
1684 12 92 0.273687
1685 21 92 0.155719
1686 22 92 0.043960
1687 30 92 0.224843
1688 42 92 0.213309
1689 44 92 0.169512
1690 47 92 0.164899
1691 67 92 0.285723
1692 71 92 0.255591
1693 79 92 0.198678
1694 97 92 0.069506
1695 8 93 0.220611
1696 9 93 0.069103
1697 10 93 0.276916
1698 16 93 0.221497
1699 17 93 0.037644
1700 18 93 0.217166
1701 32 93 0.236292
1702 35 93 0.250691
1703 37 93 0.247313
1704 48 93 0.157849
1705 49 93 0.238821
1706 53 93 0.290958
1707 59 93 0.273192
1708 60 93 0.273704
1709 62 93 0.243946
1710 63 93 0.270231
1711 64 93 0.100483
1712 68 93 0.257068
1713 70 93 0.215171
1714 75 93 0.191384
1715 76 93 0.284743
1716 90 93 0.255952
1717 94 93 0.133730
1718 95 93 0.177729
1719 96 93 0.289986
1720 100 93 0.271554
1721 2 94 0.283248
1722 8 94 0.280962
1723 9 94 0.198980
1724 10 94 0.228596
1725 16 94 0.093583
1726 17 94 0.162121
1727 18 94 0.152127
1728 32 94 0.252411
1729 35 94 0.117000
1730 37 94 0.113613
1731 40 94 0.173573
1732 48 94 0.290861
1733 52 94 0.219437
1734 59 94 0.198143
1735 60 94 0.142489
1736 63 94 0.191390
1737 64 94 0.173757
1738 68 94 0.292802
1739 70 94 0.203490
1740 75 94 0.285657
1741 83 94 0.173642
1742 89 94 0.261713
1743 90 94 0.158655
1744 93 94 0.133730
1745 95 94 0.217678
1746 100 94 0.181035
1747 5 95 0.261382
1748 8 95 0.066206
1749 9 95 0.217217
1750 10 95 0.158394
1751 13 95 0.205186
1752 17 95 0.154212
1753 18 95 0.151319
1754 32 95 0.063127
1755 37 95 0.296022
1756 48 95 0.225993
1757 52 95 0.277152
1758 59 95 0.191550
1759 64 95 0.079066
1760 72 95 0.282465
1761 76 95 0.292136
1762 90 95 0.214234
1763 93 95 0.177729
1764 94 95 0.217678
1765 96 95 0.172807
1766 100 95 0.213030
1767 3 96 0.241343
1768 5 96 0.093264
1769 8 96 0.108563
1770 9 96 0.289196
1771 13 96 0.032581
1772 17 96 0.253413
1773 19 96 0.240700
1774 28 96 0.217445
1775 32 96 0.187886
1776 39 96 0.229193
1777 48 96 0.226176
1778 56 96 0.262929
1779 64 96 0.204915
1780 72 96 0.114539
1781 76 96 0.199926
1782 93 96 0.289986
1783 95 96 0.172807
1784 12 97 0.250536
1785 21 97 0.102806
1786 22 97 0.066030
1787 30 97 0.266430
1788 42 97 0.197733
1789 44 97 0.156690
1790 47 97 0.211822
1791 67 97 0.246059
1792 79 97 0.161310
1793 92 97 0.069506
1794 1 98 0.181818
1795 11 98 0.166470
1796 12 98 0.147967
1797 24 98 0.119233
1798 34 98 0.219486
1799 36 98 0.258168
1800 42 98 0.200078
1801 44 98 0.243427
1802 46 98 0.178655
1803 55 98 0.084048
1804 57 98 0.038935
1805 66 98 0.219069
1806 67 98 0.187426
1807 68 98 0.258750
1808 74 98 0.275450
1809 78 98 0.227971
1810 79 98 0.244150
1811 80 98 0.204013
1812 82 98 0.055537
1813 84 98 0.280521
1814 87 98 0.151232
1815 3 99 0.269178
1816 6 99 0.089710
1817 19 99 0.166996
1818 27 99 0.104130
1819 28 99 0.228140
1820 31 99 0.100389
1821 39 99 0.247245
1822 49 99 0.290563
1823 53 99 0.214358
1824 56 99 0.136713
1825 58 99 0.148154
1826 73 99 0.141344
1827 76 99 0.207190
1828 8 100 0.272289
1829 10 100 0.092026
1830 16 100 0.200764
1831 17 100 0.279313
1832 18 100 0.063973
1833 25 100 0.274092
1834 32 100 0.197115
1835 35 100 0.166140
1836 37 100 0.157953
1837 40 100 0.241765
1838 52 100 0.064336
1839 59 100 0.034874
1840 60 100 0.131405
1841 64 100 0.235804
1842 83 100 0.237529
1843 90 100 0.024632
1844 93 100 0.271554
1845 94 100 0.181035
1846 95 100 0.213030
