NumVertices: 200
NumEdges: 5048
1 9 1 0.031400
2 10 1 0.125788
3 18 1 0.141685
4 54 1 0.153304
5 62 1 0.091910
6 75 1 0.030536
7 82 1 0.211781
8 101 1 0.165226
9 102 1 0.133286
10 138 1 0.082574
11 141 1 0.162374
12 149 1 0.207438
13 163 1 0.208735
14 174 1 0.207837
15 16 2 0.071315
16 35 2 0.072237
17 38 2 0.120088
18 57 2 0.147318
19 60 2 0.036521
20 63 2 0.200115
21 67 2 0.127368
22 70 2 0.197899
23 74 2 0.153490
24 79 2 0.215475
25 83 2 0.110397
26 89 2 0.059046
27 90 2 0.202178
28 94 2 0.168571
29 103 2 0.211636
30 106 2 0.132141
31 109 2 0.046388
32 116 2 0.067019
33 117 2 0.175176
34 125 2 0.145538
35 126 2 0.198147
36 128 2 0.138048
37 140 2 0.032400
38 148 2 0.054087
39 156 2 0.212658
40 158 2 0.177548
41 164 2 0.109700
42 169 2 0.117935
43 176 2 0.191748
44 181 2 0.146209
45 188 2 0.128353
46 190 2 0.210073
47 195 2 0.191065
48 199 2 0.113107
49 19 3 0.165852
50 28 3 0.053560
51 29 3 0.183919
52 45 3 0.164114
53 50 3 0.129949
54 56 3 0.101798
55 61 3 0.194595
56 65 3 0.071400
57 99 3 0.067267
58 111 3 0.172228
59 112 3 0.137151
60 120 3 0.139651
61 142 3 0.140565
62 143 3 0.107392
63 144 3 0.135932
64 151 3 0.162159
65 165 3 0.167465
66 167 3 0.104972
67 192 3 0.134258
68 7 4 0.121905
69 8 4 0.101666
70 32 4 0.152231
71 36 4 0.044456
72 43 4 0.067364
73 46 4 0.148527
74 48 4 0.221544
75 49 4 0.040229
76 55 4 0.192795
77 58 4 0.156188
78 64 4 0.125303
79 73 4 0.164236
80 76 4 0.141690
81 78 4 0.219616
82 87 4 0.169639
83 91 4 0.224072
84 93 4 0.164518
85 101 4 0.172019
86 104 4 0.090623
87 129 4 0.203120
88 130 4 0.026342
89 146 4 0.195082
90 147 4 0.098534
91 155 4 0.050857
92 157 4 0.188309
93 168 4 0.207316
94 174 4 0.129942
95 178 4 0.063341
96 182 4 0.109963
97 187 4 0.153799
98 198 4 0.127856
99 6 5 0.110336
100 7 5 0.217913
101 13 5 0.223623
102 27 5 0.201680
103 31 5 0.085004
104 39 5 0.135687
105 48 5 0.149928
106 53 5 0.066247
107 72 5 0.073214
108 78 5 0.204332
109 85 5 0.184706
110 91 5 0.132916
111 107 5 0.138398
112 115 5 0.212951
113 121 5 0.129481
114 123 5 0.196145
115 129 5 0.155649
116 134 5 0.182049
117 154 5 0.144461
118 161 5 0.129317
119 171 5 0.174021
120 182 5 0.201794
121 184 5 0.202655
122 185 5 0.182038
123 191 5 0.212797
124 197 5 0.133108
125 5 6 0.110336
126 7 6 0.151066
127 27 6 0.096300
128 31 6 0.026793
129 39 6 0.090666
130 43 6 0.209340
131 48 6 0.211757
132 53 6 0.161866
133 58 6 0.152140
134 72 6 0.174544
135 73 6 0.143805
136 76 6 0.205238
137 91 6 0.039906
138 107 6 0.160265
139 121 6 0.100847
140 122 6 0.146471
141 129 6 0.066179
142 134 6 0.080891
143 146 6 0.166007
144 155 6 0.216802
145 166 6 0.167706
146 179 6 0.206595
147 182 6 0.151730
148 197 6 0.131012
149 4 7 0.121905
150 5 7 0.217913
151 6 7 0.151066
152 8 7 0.168451
153 27 7 0.103643
154 31 7 0.169082
155 36 7 0.129360
156 43 7 0.097828
157 45 7 0.201521
158 48 7 0.213129
159 49 7 0.126072
160 58 7 0.046125
161 61 7 0.168153
162 73 7 0.050175
163 76 7 0.076406
164 91 7 0.111311
165 104 7 0.174518
166 122 7 0.160527
167 129 7 0.086550
168 130 7 0.105439
169 134 7 0.187915
170 146 7 0.091720
171 147 7 0.106762
172 151 7 0.201478
173 155 7 0.071751
174 157 7 0.192497
175 166 7 0.170765
176 178 7 0.118305
177 179 7 0.147943
178 182 7 0.032995
179 187 7 0.146038
180 198 7 0.153290
181 4 8 0.101666
182 7 8 0.168451
183 11 8 0.171305
184 32 8 0.075615
185 36 8 0.057958
186 43 8 0.071004
187 46 8 0.119901
188 48 8 0.139395
189 49 8 0.141827
190 53 8 0.218760
191 55 8 0.156087
192 58 8 0.213778
193 64 8 0.163596
194 68 8 0.195981
195 73 8 0.218611
196 76 8 0.221186
197 78 8 0.122867
198 87 8 0.085370
199 93 8 0.106123
200 95 8 0.216117
201 104 8 0.023129
202 126 8 0.206388
203 129 8 0.221457
204 130 8 0.123874
205 147 8 0.195117
206 155 8 0.124664
207 168 8 0.140827
208 171 8 0.195883
209 174 8 0.199115
210 178 8 0.164284
211 182 8 0.139124
212 1 9 0.031400
213 10 9 0.142244
214 18 9 0.163382
215 54 9 0.139588
216 62 9 0.070035
217 75 9 0.047629
218 101 9 0.134115
219 102 9 0.139997
220 111 9 0.224644
221 138 9 0.053999
222 141 9 0.170237
223 149 9 0.206329
224 163 9 0.224570
225 174 9 0.181308
226 1 10 0.125788
227 9 10 0.142244
228 12 10 0.153025
229 18 10 0.035352
230 24 10 0.188409
231 42 10 0.210938
232 52 10 0.151566
233 62 10 0.138621
234 75 10 0.151503
235 80 10 0.222937
236 82 10 0.086152
237 90 10 0.203256
238 102 10 0.045324
239 138 10 0.157754
240 141 10 0.054960
241 149 10 0.120938
242 163 10 0.082989
243 177 10 0.142084
244 8 11 0.171305
245 32 11 0.151483
246 34 11 0.157812
247 46 11 0.219044
248 48 11 0.128107
249 53 11 0.208371
250 55 11 0.221972
251 59 11 0.202198
252 66 11 0.137228
253 68 11 0.110875
254 70 11 0.168117
255 78 11 0.078198
256 84 11 0.143121
257 85 11 0.206372
258 87 11 0.133137
259 93 11 0.176673
260 94 11 0.174243
261 95 11 0.053345
262 104 11 0.185274
263 106 11 0.216491
264 126 11 0.145191
265 133 11 0.223576
266 153 11 0.201112
267 158 11 0.170076
268 161 11 0.202780
269 168 11 0.165436
270 171 11 0.109106
271 180 11 0.212005
272 181 11 0.215712
273 185 11 0.216549
274 10 12 0.153025
275 18 12 0.127450
276 24 12 0.153936
277 26 12 0.210664
278 30 12 0.201416
279 40 12 0.168881
280 42 12 0.094418
281 52 12 0.014930
282 63 12 0.208383
283 80 12 0.170570
284 81 12 0.214875
285 82 12 0.085550
286 102 12 0.181141
287 135 12 0.212114
288 139 12 0.214135
289 141 12 0.161176
290 149 12 0.206231
291 160 12 0.163884
292 163 12 0.089987
293 177 12 0.102175
294 183 12 0.072545
295 5 13 0.223623
296 15 13 0.181282
297 20 13 0.159064
298 23 13 0.117134
299 53 13 0.202752
300 72 13 0.158296
301 84 13 0.173578
302 85 13 0.102154
303 96 13 0.110650
304 115 13 0.139751
305 123 13 0.185991
306 124 13 0.083223
307 136 13 0.154285
308 145 13 0.176706
309 154 13 0.083122
310 161 13 0.131159
311 171 13 0.213966
312 180 13 0.166281
313 184 13 0.141130
314 185 13 0.092540
315 191 13 0.070050
316 21 14 0.092050
317 22 14 0.224616
318 25 14 0.218414
319 37 14 0.221343
320 41 14 0.218982
321 44 14 0.105921
322 47 14 0.078572
323 77 14 0.087511
324 105 14 0.046101
325 108 14 0.111254
326 110 14 0.220870
327 113 14 0.141681
328 114 14 0.181955
329 118 14 0.093373
330 119 14 0.206313
331 137 14 0.210380
332 172 14 0.149105
333 186 14 0.154388
334 193 14 0.222947
335 194 14 0.144808
336 13 15 0.181282
337 20 15 0.208705
338 51 15 0.134916
339 72 15 0.212965
340 96 15 0.220046
341 107 15 0.210411
342 115 15 0.069580
343 123 15 0.098591
344 124 15 0.221315
345 145 15 0.040186
346 150 15 0.101596
347 154 15 0.214066
348 184 15 0.079182
349 2 16 0.071315
350 35 16 0.026378
351 38 16 0.186172
352 55 16 0.204487
353 57 16 0.118537
354 60 16 0.086294
355 67 16 0.165261
356 68 16 0.164944
357 70 16 0.126641
358 74 16 0.156319
359 79 16 0.181112
360 83 16 0.176475
361 89 16 0.067195
362 94 16 0.100372
363 106 16 0.061018
364 109 16 0.089220
365 116 16 0.085213
366 125 16 0.189834
367 126 16 0.134691
368 128 16 0.207180
369 140 16 0.083368
370 148 16 0.112893
371 156 16 0.176347
372 158 16 0.107156
373 164 16 0.162527
374 168 16 0.188504
375 169 16 0.067415
376 176 16 0.157985
377 181 16 0.075668
378 188 16 0.057722
379 193 16 0.218116
380 199 16 0.053968
381 20 17 0.219300
382 23 17 0.150915
383 96 17 0.186224
384 98 17 0.166820
385 124 17 0.189061
386 127 17 0.188585
387 131 17 0.208593
388 136 17 0.184332
389 162 17 0.143543
390 170 17 0.189579
391 173 17 0.213710
392 175 17 0.133938
393 180 17 0.173655
394 189 17 0.113052
395 1 18 0.141685
396 9 18 0.163382
397 10 18 0.035352
398 12 18 0.127450
399 24 18 0.192443
400 42 18 0.197320
401 52 18 0.123547
402 62 18 0.170168
403 75 18 0.163072
404 80 18 0.224926
405 82 18 0.078549
406 90 18 0.223876
407 102 18 0.079566
408 138 18 0.186587
409 141 18 0.081399
410 149 18 0.148359
411 163 18 0.077012
412 177 18 0.139826
413 183 18 0.198512
414 3 19 0.165852
415 28 19 0.113766
416 29 19 0.034312
417 45 19 0.054005
418 49 19 0.208905
419 50 19 0.092071
420 54 19 0.192812
421 56 19 0.087042
422 58 19 0.199140
423 61 19 0.085973
424 65 19 0.097848
425 73 19 0.205199
426 76 19 0.151388
427 99 19 0.207735
428 101 19 0.186882
429 111 19 0.094741
430 112 19 0.082584
431 120 19 0.029372
432 130 19 0.221779
433 142 19 0.122754
434 143 19 0.080472
435 144 19 0.033040
436 146 19 0.178862
437 147 19 0.150188
438 151 19 0.088968
439 155 19 0.224682
440 157 19 0.062941
441 165 19 0.148534
442 167 19 0.181032
443 178 19 0.183254
444 179 19 0.155006
445 187 19 0.093457
446 192 19 0.079700
447 198 19 0.121655
448 13 20 0.159064
449 15 20 0.208705
450 17 20 0.219300
451 23 20 0.163555
452 51 20 0.179331
453 96 20 0.065912
454 115 20 0.221618
455 124 20 0.099371
456 136 20 0.035631
457 145 20 0.174892
458 150 20 0.186573
459 191 20 0.207452
460 14 21 0.092050
461 25 21 0.184738
462 37 21 0.197140
463 44 21 0.013875
464 47 21 0.163052
465 77 21 0.128723
466 79 21 0.174449
467 100 21 0.183680
468 105 21 0.108860
469 108 21 0.137650
470 113 21 0.154703
471 114 21 0.122741
472 118 21 0.126397
473 119 21 0.114546
474 131 21 0.217303
475 137 21 0.148303
476 156 21 0.178424
477 173 21 0.221564
478 176 21 0.198248
479 186 21 0.086070
480 193 21 0.137795
481 194 21 0.151311
482 14 22 0.224616
483 25 22 0.092742
484 41 22 0.026593
485 69 22 0.055354
486 71 22 0.095002
487 74 22 0.188466
488 77 22 0.139576
489 79 22 0.217742
490 97 22 0.079454
491 105 22 0.181217
492 108 22 0.113848
493 110 22 0.035162
494 113 22 0.082999
495 118 22 0.131871
496 125 22 0.213295
497 137 22 0.161340
498 156 22 0.224826
499 186 22 0.177818
500 190 22 0.181724
501 200 22 0.209773
502 13 23 0.117134
503 17 23 0.150915
504 20 23 0.163555
505 84 23 0.143660
506 85 23 0.128929
507 96 23 0.098888
508 124 23 0.073214
509 136 23 0.135206
510 154 23 0.167401
511 161 23 0.184552
512 162 23 0.180745
513 171 23 0.224743
514 180 23 0.080825
515 185 23 0.128249
516 189 23 0.223855
517 191 23 0.095225
518 10 24 0.188409
519 12 24 0.153936
520 18 24 0.192443
521 30 24 0.209108
522 40 24 0.057861
523 42 24 0.100368
524 52 24 0.167811
525 60 24 0.222781
526 63 24 0.054448
527 67 24 0.141605
528 80 24 0.035700
529 81 24 0.203583
530 82 24 0.116684
531 83 24 0.158044
532 86 24 0.208566
533 90 24 0.104006
534 102 24 0.177761
535 109 24 0.216984
536 117 24 0.101659
537 135 24 0.110980
538 139 24 0.174804
539 141 24 0.147583
540 148 24 0.200319
541 149 24 0.132973
542 163 24 0.116908
543 177 24 0.057679
544 183 24 0.190121
545 14 25 0.218414
546 21 25 0.184738
547 22 25 0.092742
548 41 25 0.116274
549 44 25 0.182814
550 69 25 0.077770
551 71 25 0.062845
552 74 25 0.109876
553 77 25 0.154848
554 79 25 0.125585
555 97 25 0.042777
556 105 25 0.186556
557 108 25 0.130925
558 110 25 0.125216
559 113 25 0.104097
560 116 25 0.196471
561 118 25 0.144287
562 119 25 0.191133
563 125 25 0.171901
564 137 25 0.072218
565 156 25 0.132564
566 164 25 0.202452
567 176 25 0.132857
568 186 25 0.109308
569 190 25 0.170787
570 193 25 0.149062
571 200 25 0.209225
572 12 26 0.210664
573 30 26 0.038421
574 33 26 0.155010
575 40 26 0.196192
576 42 26 0.153865
577 52 26 0.218862
578 80 26 0.220740
579 81 26 0.061162
580 86 26 0.085219
581 88 26 0.154796
582 92 26 0.177901
583 132 26 0.202942
584 135 26 0.181101
585 139 26 0.100328
586 152 26 0.220687
587 159 26 0.174496
588 160 26 0.069421
589 183 26 0.150287
590 196 26 0.103264
591 5 27 0.201680
592 6 27 0.096300
593 7 27 0.103643
594 31 27 0.122856
595 39 27 0.162667
596 43 27 0.195444
597 45 27 0.206716
598 49 27 0.224765
599 58 27 0.076985
600 61 27 0.168895
601 73 27 0.067332
602 76 27 0.124999
603 91 27 0.069653
604 121 27 0.178486
605 122 27 0.068289
606 129 27 0.054547
607 130 27 0.207104
608 134 27 0.091297
609 146 27 0.072836
610 147 27 0.185875
611 151 27 0.188678
612 155 27 0.174677
613 166 27 0.086012
614 178 27 0.211191
615 179 27 0.110523
616 182 27 0.125131
617 187 27 0.200064
618 192 27 0.217429
619 197 27 0.213200
620 198 27 0.224650
621 3 28 0.053560
622 19 28 0.113766
623 29 28 0.135148
624 45 28 0.111271
625 50 28 0.099287
626 56 28 0.051994
627 61 28 0.143514
628 65 28 0.018022
629 99 28 0.110101
630 111 28 0.138453
631 112 28 0.102804
632 120 28 0.089440
633 142 28 0.120516
634 143 28 0.056424
635 144 28 0.085921
636 151 28 0.113473
637 157 28 0.176683
638 165 28 0.151856
639 167 28 0.119175
640 179 28 0.189860
641 187 28 0.200963
642 192 28 0.084619
643 3 29 0.183919
644 19 29 0.034312
645 28 29 0.135148
646 45 29 0.087538
647 49 29 0.203362
648 50 29 0.083908
649 54 29 0.160671
650 56 29 0.117547
651 58 29 0.217886
652 61 29 0.116302
653 65 29 0.121492
654 73 29 0.224900
655 76 29 0.166994
656 99 29 0.216662
657 101 29 0.160224
658 111 29 0.071615
659 112 29 0.072671
660 120 29 0.046085
661 130 29 0.219739
662 138 29 0.219845
663 142 29 0.110245
664 143 29 0.111430
665 144 29 0.049386
666 146 29 0.203227
667 147 29 0.151871
668 151 29 0.122986
669 157 29 0.054528
670 165 29 0.130658
671 167 29 0.179488
672 178 29 0.179341
673 179 29 0.185374
674 187 29 0.097463
675 192 29 0.113652
676 198 29 0.114742
677 12 30 0.201416
678 24 30 0.209108
679 26 30 0.038421
680 33 30 0.133279
681 40 30 0.161226
682 42 30 0.130577
683 52 30 0.211699
684 80 30 0.186437
685 81 30 0.025914
686 86 30 0.053521
687 88 30 0.134808
688 92 30 0.152259
689 103 30 0.217119
690 117 30 0.216108
691 132 30 0.178992
692 135 30 0.142937
693 139 30 0.062415
694 152 30 0.195202
695 159 30 0.153241
696 160 30 0.090659
697 177 30 0.213298
698 183 30 0.151124
699 196 30 0.081770
700 5 31 0.085004
701 6 31 0.026793
702 7 31 0.169082
703 27 31 0.122856
704 39 31 0.084238
705 43 31 0.216975
706 48 31 0.199260
707 53 31 0.140611
708 58 31 0.175016
709 72 31 0.147771
710 73 31 0.167128
711 91 31 0.061363
712 107 31 0.141310
713 121 31 0.089977
714 122 31 0.172602
715 129 31 0.088005
716 134 31 0.099443
717 146 31 0.191642
718 161 31 0.213319
719 166 31 0.193894
720 182 31 0.165274
721 197 31 0.115508
722 4 32 0.152231
723 8 32 0.075615
724 11 32 0.151483
725 36 32 0.118041
726 43 32 0.144150
727 46 32 0.070936
728 48 32 0.179358
729 49 32 0.188129
730 55 32 0.091501
731 57 32 0.155617
732 64 32 0.151869
733 68 32 0.133828
734 70 32 0.213875
735 78 32 0.140336
736 87 32 0.019898
737 93 32 0.036558
738 94 32 0.176748
739 95 32 0.204071
740 104 32 0.067905
741 106 32 0.217304
742 126 32 0.136559
743 130 32 0.178217
744 155 32 0.189409
745 158 32 0.188999
746 168 32 0.065238
747 169 32 0.186290
748 171 32 0.217042
749 174 32 0.203457
750 178 32 0.214027
751 182 32 0.213856
752 199 32 0.198813
753 26 33 0.155010
754 30 33 0.133279
755 40 33 0.207930
756 81 33 0.110398
757 86 33 0.083746
758 88 33 0.007808
759 92 33 0.028965
760 103 33 0.131599
761 117 33 0.215694
762 128 33 0.211378
763 132 33 0.048509
764 135 33 0.157819
765 139 33 0.105011
766 152 33 0.067531
767 159 33 0.019963
768 160 33 0.221693
769 195 33 0.211193
770 196 33 0.052135
771 11 34 0.157812
772 59 34 0.056140
773 66 34 0.037063
774 68 34 0.166163
775 70 34 0.136010
776 84 34 0.184919
777 94 34 0.185586
778 95 34 0.137396
779 98 34 0.210037
780 100 34 0.133756
781 106 34 0.202372
782 119 34 0.182297
783 126 34 0.191506
784 127 34 0.134491
785 131 34 0.150652
786 133 34 0.069500
787 153 34 0.043561
788 156 34 0.218923
789 158 34 0.167510
790 162 34 0.148051
791 170 34 0.154470
792 173 34 0.133700
793 180 34 0.189790
794 181 34 0.183620
795 188 34 0.201563
796 193 34 0.202234
797 2 35 0.072237
798 16 35 0.026378
799 38 35 0.176162
800 57 35 0.144915
801 60 35 0.096901
802 67 35 0.182706
803 68 35 0.181316
804 70 35 0.131923
805 74 35 0.130170
806 79 35 0.158288
807 83 35 0.182300
808 89 35 0.087013
809 94 35 0.116111
810 106 35 0.072394
811 109 35 0.102263
812 116 35 0.064267
813 125 35 0.170089
814 126 35 0.153607
815 128 35 0.199630
816 137 35 0.201984
817 140 35 0.073307
818 148 35 0.121830
819 156 35 0.153984
820 158 35 0.118995
821 164 35 0.146389
822 168 35 0.212976
823 169 35 0.092881
824 176 35 0.134766
825 181 35 0.078749
826 188 35 0.062088
827 193 35 0.197697
828 199 35 0.077950
829 4 36 0.044456
830 7 36 0.129360
831 8 36 0.057958
832 32 36 0.118041
833 43 36 0.041009
834 46 36 0.133007
835 48 36 0.180252
836 49 36 0.084634
837 55 36 0.176147
838 58 36 0.171254
839 64 36 0.139732
840 73 36 0.177709
841 76 36 0.169531
842 78 36 0.175400
843 87 36 0.133306
844 91 36 0.216158
845 93 36 0.137759
846 101 36 0.213039
847 104 36 0.051191
848 129 36 0.199118
849 130 36 0.065939
850 146 36 0.214469
851 147 36 0.137717
852 155 36 0.071377
853 168 36 0.178874
854 174 36 0.160146
855 178 36 0.106371
856 182 36 0.106791
857 187 36 0.194226
858 198 36 0.171204
859 14 37 0.221343
860 21 37 0.197140
861 44 37 0.197352
862 98 37 0.129756
863 100 37 0.179980
864 114 37 0.095915
865 127 37 0.191512
866 131 37 0.163686
867 170 37 0.167977
868 173 37 0.179949
869 175 37 0.136365
870 189 37 0.167041
871 194 37 0.086524
872 2 38 0.120088
873 16 38 0.186172
874 35 38 0.176162
875 60 38 0.135031
876 63 38 0.213958
877 67 38 0.187509
878 71 38 0.203948
879 74 38 0.165490
880 83 38 0.108613
881 89 38 0.172467
882 92 38 0.211342
883 103 38 0.107914
884 109 38 0.143732
885 116 38 0.122815
886 117 38 0.157396
887 125 38 0.081675
888 128 38 0.029277
889 132 38 0.207835
890 135 38 0.194803
891 140 38 0.103375
892 148 38 0.122786
893 152 38 0.191595
894 164 38 0.052228
895 190 38 0.123903
896 195 38 0.073190
897 200 38 0.125875
898 5 39 0.135687
899 6 39 0.090666
900 27 39 0.162667
901 31 39 0.084238
902 53 39 0.201594
903 72 39 0.166521
904 73 39 0.223771
905 91 39 0.128787
906 107 39 0.088539
907 121 39 0.017899
908 122 39 0.183180
909 123 39 0.200261
910 129 39 0.152922
911 134 39 0.085676
912 166 39 0.202928
913 197 39 0.052838
914 12 40 0.168881
915 24 40 0.057861
916 26 40 0.196192
917 30 40 0.161226
918 33 40 0.207930
919 42 40 0.085551
920 52 40 0.183796
921 63 40 0.076423
922 67 40 0.161580
923 80 40 0.026030
924 81 40 0.151685
925 82 40 0.159072
926 83 40 0.144643
927 86 40 0.153299
928 88 40 0.214759
929 90 40 0.148349
930 92 40 0.202655
931 103 40 0.180526
932 109 40 0.222868
933 117 40 0.078863
934 128 40 0.207059
935 135 40 0.055099
936 139 40 0.119390
937 141 40 0.202754
938 148 40 0.200591
939 149 40 0.190585
940 159 40 0.221249
941 160 40 0.207069
942 163 40 0.160547
943 177 40 0.097827
944 183 40 0.182410
945 196 40 0.185451
946 14 41 0.218982
947 22 41 0.026593
948 25 41 0.116274
949 69 41 0.080184
950 71 41 0.121407
951 74 41 0.214841
952 77 41 0.131822
953 97 41 0.105999
954 105 41 0.173933
955 108 41 0.108019
956 110 41 0.008969
957 113 41 0.080898
958 118 41 0.125675
959 137 41 0.181984
960 186 41 0.191603
961 190 41 0.203609
962 10 42 0.210938
963 12 42 0.094418
964 18 42 0.197320
965 24 42 0.100368
966 26 42 0.153865
967 30 42 0.130577
968 40 42 0.085551
969 52 42 0.108816
970 63 42 0.147924
971 80 42 0.097795
972 81 42 0.135754
973 82 42 0.124974
974 86 42 0.152528
975 90 42 0.203749
976 102 42 0.221833
977 117 42 0.164402
978 135 42 0.119704
979 139 42 0.125032
980 141 42 0.193716
981 149 42 0.210268
982 160 42 0.138769
983 163 42 0.128486
984 177 42 0.084636
985 183 42 0.096972
986 196 42 0.190238
987 4 43 0.067364
988 6 43 0.209340
989 7 43 0.097828
990 8 43 0.071004
991 27 43 0.195444
992 31 43 0.216975
993 32 43 0.144150
994 36 43 0.041009
995 46 43 0.170901
996 48 43 0.158213
997 49 43 0.101477
998 53 43 0.212716
999 55 43 0.212831
1000 58 43 0.142835
1001 64 43 0.179814
1002 73 43 0.147884
1003 76 43 0.152428
1004 78 43 0.165470
1005 87 43 0.155929
1006 91 43 0.175837
1007 93 43 0.169707
1008 104 43 0.077280
1009 129 43 0.159894
1010 130 43 0.076291
1011 146 43 0.187899
1012 147 43 0.137063
1013 155 43 0.061278
1014 168 43 0.208340
1015 174 43 0.195166
1016 178 43 0.115865
1017 182 43 0.070368
1018 187 43 0.193037
1019 198 43 0.178067
1020 14 44 0.105921
1021 21 44 0.013875
1022 25 44 0.182814
1023 37 44 0.197352
1024 47 44 0.176529
1025 59 44 0.224288
1026 77 44 0.138994
1027 79 44 0.163914
1028 100 44 0.172151
1029 105 44 0.121461
1030 108 44 0.146040
1031 113 44 0.160886
1032 114 44 0.117879
1033 118 44 0.135914
1034 119 44 0.100721
1035 131 44 0.207311
1036 137 44 0.141480
1037 156 44 0.167570
1038 173 44 0.210861
1039 176 44 0.187748
1040 186 44 0.079680
1041 193 44 0.125622
1042 194 44 0.157336
1043 3 45 0.164114
1044 7 45 0.201521
1045 19 45 0.054005
1046 27 45 0.206716
1047 28 45 0.111271
1048 29 45 0.087538
1049 49 45 0.214264
1050 50 45 0.133393
1051 56 45 0.064502
1052 58 45 0.165667
1053 61 45 0.037918
1054 65 45 0.093263
1055 73 45 0.169879
1056 76 45 0.126444
1057 99 45 0.219209
1058 101 45 0.224697
1059 111 45 0.145799
1060 112 45 0.126342
1061 120 45 0.067127
1062 122 45 0.187765
1063 130 45 0.221046
1064 142 45 0.165252
1065 143 45 0.057932
1066 144 45 0.068621
1067 146 45 0.136692
1068 147 45 0.148753
1069 151 45 0.035911
1070 155 45 0.215523
1071 157 45 0.092609
1072 165 45 0.194339
1073 166 45 0.173392
1074 167 45 0.208643
1075 178 45 0.187664
1076 179 45 0.103766
1077 187 45 0.097791
1078 192 45 0.038764
1079 198 45 0.136551
1080 4 46 0.148527
1081 8 46 0.119901
1082 11 46 0.219044
1083 32 46 0.070936
1084 36 46 0.133007
1085 43 46 0.170901
1086 49 46 0.173585
1087 55 46 0.044288
1088 57 46 0.131626
1089 64 46 0.092397
1090 67 46 0.223754
1091 68 46 0.174528
1092 78 46 0.210649
1093 87 46 0.086611
1094 89 46 0.219145
1095 90 46 0.211838
1096 93 46 0.043220
1097 94 46 0.196059
1098 104 46 0.100110
1099 126 46 0.162681
1100 130 46 0.173885
1101 149 46 0.218386
1102 155 46 0.196616
1103 158 46 0.212910
1104 168 46 0.076350
1105 169 46 0.180084
1106 174 46 0.149803
1107 178 46 0.199958
1108 199 46 0.196725
1109 14 47 0.078572
1110 21 47 0.163052
1111 44 47 0.176529
1112 77 47 0.145892
1113 105 47 0.107062
1114 108 47 0.172395
1115 113 47 0.204621
1116 114 47 0.219309
1117 118 47 0.154958
1118 172 47 0.084676
1119 194 47 0.138930
1120 4 48 0.221544
1121 5 48 0.149928
1122 6 48 0.211757
1123 7 48 0.213129
1124 8 48 0.139395
1125 11 48 0.128107
1126 31 48 0.199260
1127 32 48 0.179358
1128 36 48 0.180252
1129 43 48 0.158213
1130 53 48 0.092865
1131 68 48 0.223392
1132 72 48 0.186947
1133 78 48 0.054541
1134 84 48 0.159850
1135 85 48 0.169490
1136 87 48 0.172177
1137 91 48 0.204350
1138 93 48 0.215708
1139 95 48 0.138284
1140 104 48 0.162304
1141 129 48 0.209859
1142 154 48 0.186460
1143 155 48 0.216091
1144 161 48 0.131445
1145 171 48 0.068722
1146 182 48 0.181678
1147 185 48 0.175646
1148 191 48 0.210429
1149 4 49 0.040229
1150 7 49 0.126072
1151 8 49 0.141827
1152 19 49 0.208905
1153 27 49 0.224765
1154 29 49 0.203362
1155 32 49 0.188129
1156 36 49 0.084634
1157 43 49 0.101477
1158 45 49 0.214264
1159 46 49 0.173585
1160 55 49 0.216938
1161 58 49 0.149981
1162 61 49 0.198551
1163 62 49 0.219261
1164 64 49 0.127822
1165 73 49 0.159116
1166 76 49 0.122428
1167 87 49 0.206390
1168 93 49 0.196048
1169 101 49 0.138362
1170 104 49 0.129754
1171 129 49 0.212147
1172 130 49 0.026370
1173 138 49 0.218166
1174 146 49 0.182407
1175 147 49 0.066708
1176 155 49 0.058683
1177 157 49 0.149461
1178 174 49 0.113854
1179 178 49 0.026601
1180 179 49 0.221759
1181 182 49 0.124606
1182 187 49 0.118135
1183 198 49 0.088680
1184 3 50 0.129949
1185 19 50 0.092071
1186 28 50 0.099287
1187 29 50 0.083908
1188 45 50 0.133393
1189 54 50 0.146322
1190 56 50 0.118042
1191 61 50 0.170840
1192 65 50 0.096650
1193 99 50 0.142453
1194 101 50 0.223723
1195 111 50 0.042374
1196 112 50 0.011441
1197 120 50 0.067177
1198 142 50 0.031859
1199 143 50 0.115825
1200 144 50 0.065069
1201 151 50 0.159317
1202 157 50 0.138436
1203 165 50 0.062192
1204 167 50 0.096294
1205 187 50 0.179969
1206 192 50 0.136030
1207 198 50 0.198393
1208 15 51 0.134916
1209 20 51 0.179331
1210 115 51 0.198127
1211 136 51 0.214730
1212 145 51 0.101515
1213 150 51 0.034841
1214 184 51 0.208899
1215 10 52 0.151566
1216 12 52 0.014930
1217 18 52 0.123547
1218 24 52 0.167811
1219 26 52 0.218862
1220 30 52 0.211699
1221 40 52 0.183796
1222 42 52 0.108816
1223 63 52 0.222223
1224 80 52 0.185225
1225 82 52 0.091433
1226 102 52 0.182754
1227 141 52 0.164811
1228 149 52 0.213469
1229 160 52 0.168552
1230 163 52 0.095706
1231 177 52 0.114815
1232 183 52 0.075053
1233 5 53 0.066247
1234 6 53 0.161866
1235 8 53 0.218760
1236 11 53 0.208371
1237 13 53 0.202752
1238 31 53 0.140611
1239 39 53 0.201594
1240 43 53 0.212716
1241 48 53 0.092865
1242 72 53 0.094884
1243 78 53 0.145071
1244 84 53 0.173661
1245 85 53 0.137215
1246 91 53 0.172258
1247 95 53 0.199410
1248 107 53 0.198310
1249 121 53 0.195728
1250 129 53 0.188894
1251 154 53 0.119801
1252 161 53 0.081381
1253 171 53 0.107775
1254 182 53 0.205002
1255 185 53 0.137739
1256 191 53 0.172538
1257 197 53 0.197726
1258 1 54 0.153304
1259 9 54 0.139588
1260 19 54 0.192812
1261 29 54 0.160671
1262 50 54 0.146322
1263 62 54 0.188118
1264 75 54 0.132130
1265 101 54 0.173068
1266 111 54 0.109504
1267 112 54 0.143542
1268 120 54 0.186735
1269 138 54 0.158536
1270 142 54 0.131299
1271 144 54 0.187390
1272 157 54 0.190563
1273 165 54 0.108759
1274 167 54 0.196558
1275 4 55 0.192795
1276 8 55 0.156087
1277 11 55 0.221972
1278 16 55 0.204487
1279 32 55 0.091501
1280 36 55 0.176147
1281 43 55 0.212831
1282 46 55 0.044288
1283 49 55 0.216938
1284 57 55 0.087829
1285 60 55 0.208952
1286 64 55 0.121253
1287 67 55 0.184461
1288 68 55 0.155599
1289 70 55 0.215918
1290 87 55 0.099796
1291 89 55 0.174864
1292 90 55 0.182826
1293 93 55 0.054968
1294 94 55 0.163890
1295 104 55 0.138845
1296 106 55 0.190700
1297 109 55 0.199697
1298 126 55 0.136047
1299 130 55 0.218064
1300 148 55 0.221485
1301 149 55 0.206469
1302 158 55 0.182225
1303 168 55 0.058878
1304 169 55 0.138919
1305 174 55 0.179655
1306 181 55 0.213522
1307 188 55 0.209041
1308 199 55 0.156309
1309 3 56 0.101798
1310 19 56 0.087042
1311 28 56 0.051994
1312 29 56 0.117547
1313 45 56 0.064502
1314 50 56 0.118042
1315 58 56 0.221417
1316 61 56 0.092798
1317 65 56 0.035796
1318 73 56 0.224053
1319 76 56 0.188034
1320 99 56 0.162039
1321 111 56 0.147665
1322 112 56 0.116383
1323 120 56 0.074492
1324 122 56 0.213891
1325 142 56 0.146751
1326 143 56 0.006994
1327 144 56 0.072526
1328 146 56 0.185610
1329 147 56 0.213098
1330 151 56 0.061491
1331 157 56 0.145683
1332 165 56 0.178837
1333 166 56 0.195363
1334 167 56 0.165906
1335 179 56 0.138512
1336 187 56 0.160654
1337 192 56 0.032761
1338 198 56 0.197484
1339 2 57 0.147318
1340 16 57 0.118537
1341 32 57 0.155617
1342 35 57 0.144915
1343 46 57 0.131626
1344 55 57 0.087829
1345 60 57 0.126224
1346 63 57 0.216798
1347 64 57 0.201976
1348 67 57 0.131426
1349 68 57 0.137273
1350 70 57 0.164371
1351 83 57 0.197516
1352 87 57 0.153403
1353 89 57 0.089352
1354 90 57 0.165421
1355 93 57 0.124343
1356 94 57 0.109085
1357 104 57 0.216911
1358 106 57 0.118543
1359 109 57 0.118128
1360 116 57 0.196291
1361 126 57 0.103755
1362 140 57 0.176765
1363 148 57 0.143344
1364 158 57 0.128769
1365 168 57 0.092327
1366 169 57 0.058044
1367 181 57 0.143976
1368 188 57 0.134653
1369 199 57 0.076558
1370 4 58 0.156188
1371 6 58 0.152140
1372 7 58 0.046125
1373 8 58 0.213778
1374 19 58 0.199140
1375 27 58 0.076985
1376 29 58 0.217886
1377 31 58 0.175016
1378 36 58 0.171254
1379 43 58 0.142835
1380 45 58 0.165667
1381 49 58 0.149981
1382 56 58 0.221417
1383 61 58 0.129775
1384 73 58 0.009667
1385 76 58 0.053099
1386 91 58 0.113657
1387 104 58 0.218539
1388 120 58 0.224721
1389 122 58 0.121055
1390 129 58 0.087039
1391 130 58 0.134995
1392 134 58 0.168005
1393 143 58 0.216498
1394 146 58 0.045595
1395 147 58 0.109221
1396 151 58 0.160619
1397 155 58 0.105682
1398 157 58 0.175409
1399 166 58 0.128436
1400 178 58 0.134694
1401 179 58 0.102055
1402 182 58 0.078660
1403 187 58 0.130725
1404 192 58 0.188688
1405 198 58 0.150035
1406 11 59 0.202198
1407 34 59 0.056140
1408 44 59 0.224288
1409 66 59 0.065033
1410 68 59 0.181276
1411 70 59 0.125265
1412 79 59 0.171528
1413 94 59 0.180464
1414 95 59 0.189958
1415 98 59 0.206542
1416 100 59 0.107626
1417 106 59 0.184474
1418 114 59 0.205119
1419 119 59 0.127855
1420 126 59 0.198103
1421 127 59 0.137821
1422 131 59 0.141075
1423 133 59 0.069536
1424 137 59 0.221226
1425 153 59 0.033456
1426 156 59 0.165660
1427 158 59 0.160766
1428 162 59 0.171620
1429 170 59 0.151535
1430 173 59 0.125546
1431 176 59 0.175786
1432 181 59 0.161467
1433 186 59 0.216716
1434 188 59 0.178587
1435 193 59 0.146234
1436 2 60 0.036521
1437 16 60 0.086294
1438 24 60 0.222781
1439 35 60 0.096901
1440 38 60 0.135031
1441 55 60 0.208952
1442 57 60 0.126224
1443 63 60 0.168334
1444 67 60 0.091334
1445 70 60 0.209281
1446 74 60 0.190011
1447 80 60 0.212432
1448 83 60 0.091535
1449 89 60 0.039047
1450 90 60 0.165832
1451 94 60 0.171468
1452 103 60 0.212092
1453 106 60 0.142216
1454 109 60 0.010525
1455 116 60 0.103515
1456 117 60 0.151732
1457 125 60 0.175283
1458 126 60 0.194756
1459 128 60 0.146508
1460 135 60 0.222628
1461 140 60 0.067714
1462 148 60 0.026888
1463 158 60 0.183878
1464 164 60 0.136924
1465 168 60 0.217271
1466 169 60 0.111257
1467 181 60 0.160966
1468 188 60 0.143174
1469 195 60 0.208162
1470 199 60 0.112316
1471 3 61 0.194595
1472 7 61 0.168153
1473 19 61 0.085973
1474 27 61 0.168895
1475 28 61 0.143514
1476 29 61 0.116302
1477 45 61 0.037918
1478 49 61 0.198551
1479 50 61 0.170840
1480 56 61 0.092798
1481 58 61 0.129775
1482 65 61 0.125874
1483 73 61 0.133323
1484 76 61 0.095851
1485 111 61 0.180419
1486 112 61 0.163364
1487 120 61 0.103990
1488 122 61 0.153536
1489 129 61 0.207166
1490 130 61 0.201170
1491 142 61 0.202677
1492 143 61 0.087372
1493 144 61 0.105815
1494 146 61 0.098852
1495 147 61 0.131849
1496 151 61 0.036476
1497 155 61 0.190670
1498 157 61 0.104092
1499 166 61 0.140993
1500 178 61 0.172401
1501 179 61 0.069184
1502 182 61 0.200007
1503 187 61 0.091100
1504 192 61 0.060690
1505 198 61 0.132028
1506 1 62 0.091910
1507 9 62 0.070035
1508 10 62 0.138621
1509 18 62 0.170168
1510 49 62 0.219261
1511 54 62 0.188118
1512 64 62 0.160257
1513 75 62 0.116644
1514 82 62 0.214504
1515 101 62 0.098989
1516 102 62 0.114222
1517 138 62 0.029993
1518 141 62 0.142426
1519 149 62 0.157043
1520 163 62 0.210341
1521 174 62 0.117670
1522 178 62 0.222883
1523 198 62 0.209887
1524 2 63 0.200115
1525 12 63 0.208383
1526 24 63 0.054448
1527 38 63 0.213958
1528 40 63 0.076423
1529 42 63 0.147924
1530 52 63 0.222223
1531 57 63 0.216798
1532 60 63 0.168334
1533 67 63 0.089678
1534 80 63 0.053005
1535 82 63 0.164718
1536 83 63 0.108295
1537 86 63 0.224855
1538 89 63 0.185200
1539 90 63 0.075943
1540 102 63 0.205851
1541 103 63 0.202813
1542 109 63 0.162608
1543 117 63 0.065111
1544 128 63 0.198890
1545 135 63 0.110446
1546 139 63 0.191421
1547 140 63 0.222964
1548 141 63 0.177556
1549 148 63 0.146029
1550 149 63 0.141855
1551 163 63 0.164086
1552 177 63 0.110177
1553 4 64 0.125303
1554 8 64 0.163596
1555 32 64 0.151869
1556 36 64 0.139732
1557 43 64 0.179814
1558 46 64 0.092397
1559 49 64 0.127822
1560 55 64 0.121253
1561 57 64 0.201976
1562 62 64 0.160257
1563 87 64 0.170910
1564 90 64 0.210462
1565 93 64 0.134050
1566 101 64 0.143572
1567 102 64 0.209849
1568 104 64 0.140596
1569 130 64 0.141960
1570 138 64 0.176835
1571 141 64 0.220433
1572 147 64 0.188549
1573 149 64 0.177469
1574 155 64 0.174700
1575 168 64 0.168249
1576 174 64 0.058502
1577 178 64 0.149357
1578 198 64 0.187130
1579 3 65 0.071400
1580 19 65 0.097848
1581 28 65 0.018022
1582 29 65 0.121492
1583 45 65 0.093263
1584 50 65 0.096650
1585 56 65 0.035796
1586 61 65 0.125874
1587 76 65 0.219468
1588 99 65 0.127360
1589 111 65 0.132908
1590 112 65 0.098183
1591 120 65 0.075413
1592 142 65 0.121504
1593 143 65 0.039355
1594 144 65 0.072138
1595 146 65 0.220804
1596 151 65 0.096779
1597 157 65 0.160538
1598 165 65 0.153531
1599 167 65 0.130980
1600 179 65 0.174309
1601 187 65 0.183447
1602 192 65 0.067792
1603 198 65 0.217128
1604 11 66 0.137228
1605 34 66 0.037063
1606 59 66 0.065033
1607 68 66 0.129903
1608 70 66 0.101653
1609 78 66 0.214973
1610 79 66 0.215907
1611 84 66 0.194221
1612 94 66 0.149208
1613 95 66 0.129317
1614 100 66 0.162793
1615 106 66 0.168651
1616 119 66 0.190834
1617 126 66 0.154488
1618 127 66 0.170850
1619 131 66 0.184983
1620 133 66 0.103723
1621 153 66 0.070738
1622 156 66 0.209156
1623 158 66 0.131569
1624 162 66 0.184548
1625 169 66 0.215576
1626 170 66 0.190131
1627 171 66 0.221015
1628 173 66 0.168105
1629 176 66 0.213982
1630 180 66 0.213217
1631 181 66 0.151712
1632 188 66 0.169589
1633 193 66 0.200776
1634 199 66 0.205084
1635 2 67 0.127368
1636 16 67 0.165261
1637 24 67 0.141605
1638 35 67 0.182706
1639 38 67 0.187509
1640 40 67 0.161580
1641 46 67 0.223754
1642 55 67 0.184461
1643 57 67 0.131426
1644 60 67 0.091334
1645 63 67 0.089678
1646 80 67 0.141281
1647 83 67 0.087521
1648 89 67 0.098301
1649 90 67 0.075235
1650 94 67 0.222152
1651 103 67 0.222845
1652 106 67 0.207879
1653 109 67 0.082836
1654 116 67 0.194201
1655 117 67 0.107029
1656 128 67 0.184844
1657 135 67 0.178428
1658 140 67 0.156395
1659 141 67 0.223413
1660 148 67 0.078014
1661 149 67 0.165615
1662 164 67 0.209730
1663 168 67 0.216894
1664 169 67 0.155380
1665 177 67 0.191635
1666 188 67 0.215194
1667 199 67 0.166427
1668 8 68 0.195981
1669 11 68 0.110875
1670 16 68 0.164944
1671 32 68 0.133828
1672 34 68 0.166163
1673 35 68 0.181316
1674 46 68 0.174528
1675 48 68 0.223392
1676 55 68 0.155599
1677 57 68 0.137273
1678 59 68 0.181276
1679 66 68 0.129903
1680 70 68 0.082104
1681 78 68 0.168862
1682 87 68 0.115924
1683 89 68 0.191984
1684 93 68 0.134693
1685 94 68 0.065211
1686 95 68 0.151987
1687 104 68 0.197268
1688 106 68 0.109646
1689 126 68 0.035541
1690 153 68 0.198443
1691 158 68 0.066638
1692 168 68 0.099384
1693 169 68 0.118615
1694 171 68 0.219258
1695 181 68 0.115178
1696 188 68 0.124721
1697 199 68 0.118379
1698 22 69 0.055354
1699 25 69 0.077770
1700 41 69 0.080184
1701 71 69 0.045523
1702 74 69 0.145405
1703 77 69 0.184326
1704 79 69 0.197620
1705 97 69 0.041427
1706 105 69 0.224052
1707 108 69 0.157792
1708 110 69 0.087504
1709 113 69 0.125559
1710 116 69 0.222649
1711 118 69 0.175241
1712 125 69 0.158246
1713 137 69 0.149122
1714 156 69 0.204115
1715 164 69 0.196959
1716 176 69 0.199867
1717 186 69 0.184224
1718 190 69 0.127953
1719 195 69 0.214506
1720 200 69 0.158911
1721 2 70 0.197899
1722 11 70 0.168117
1723 16 70 0.126641
1724 32 70 0.213875
1725 34 70 0.136010
1726 35 70 0.131923
1727 55 70 0.215918
1728 57 70 0.164371
1729 59 70 0.125265
1730 60 70 0.209281
1731 66 70 0.101653
1732 68 70 0.082104
1733 74 70 0.221690
1734 79 70 0.177572
1735 87 70 0.196919
1736 89 70 0.179028
1737 93 70 0.208926
1738 94 70 0.055502
1739 95 70 0.190981
1740 106 70 0.067069
1741 109 70 0.209529
1742 116 70 0.190815
1743 119 70 0.205217
1744 126 70 0.081714
1745 133 70 0.190480
1746 140 70 0.205112
1747 153 70 0.152236
1748 156 70 0.170371
1749 158 70 0.035715
1750 168 70 0.168336
1751 169 70 0.117293
1752 176 70 0.164835
1753 181 70 0.053196
1754 188 70 0.070215
1755 193 70 0.186904
1756 199 70 0.104784
1757 22 71 0.095002
1758 25 71 0.062845
1759 38 71 0.203948
1760 41 71 0.121407
1761 69 71 0.045523
1762 74 71 0.100228
1763 77 71 0.204337
1764 79 71 0.163289
1765 97 71 0.023555
1766 108 71 0.178350
1767 110 71 0.129536
1768 113 71 0.147284
1769 116 71 0.177512
1770 118 71 0.194279
1771 125 71 0.122325
1772 137 71 0.123370
1773 140 71 0.207802
1774 156 71 0.169177
1775 164 71 0.158622
1776 176 71 0.161882
1777 186 71 0.170697
1778 190 71 0.109156
1779 193 71 0.197949
1780 195 71 0.192004
1781 200 71 0.146742
1782 5 72 0.073214
1783 6 72 0.174544
1784 13 72 0.158296
1785 15 72 0.212965
1786 31 72 0.147771
1787 39 72 0.166521
1788 48 72 0.186947
1789 53 72 0.094884
1790 84 72 0.216623
1791 85 72 0.147550
1792 91 72 0.202905
1793 107 72 0.124787
1794 115 72 0.143490
1795 121 72 0.153375
1796 123 72 0.137573
1797 154 72 0.089274
1798 161 72 0.103797
1799 171 72 0.183924
1800 184 72 0.133826
1801 185 72 0.141213
1802 191 72 0.164150
1803 197 72 0.138950
1804 4 73 0.164236
1805 6 73 0.143805
1806 7 73 0.050175
1807 8 73 0.218611
1808 19 73 0.205199
1809 27 73 0.067332
1810 29 73 0.224900
1811 31 73 0.167128
1812 36 73 0.177709
1813 39 73 0.223771
1814 43 73 0.147884
1815 45 73 0.169879
1816 49 73 0.159116
1817 56 73 0.224053
1818 58 73 0.009667
1819 61 73 0.133323
1820 76 73 0.061667
1821 91 73 0.105791
1822 104 73 0.224209
1823 122 73 0.113186
1824 129 73 0.079360
1825 130 73 0.143569
1826 134 73 0.158340
1827 143 73 0.219347
1828 146 73 0.043285
1829 147 73 0.118865
1830 151 73 0.162875
1831 155 73 0.113525
1832 157 73 0.183474
1833 166 73 0.121590
1834 178 73 0.144198
1835 179 73 0.100422
1836 182 73 0.081572
1837 187 73 0.139219
1838 192 73 0.191292
1839 198 73 0.159404
1840 2 74 0.153490
1841 16 74 0.156319
1842 22 74 0.188466
1843 25 74 0.109876
1844 35 74 0.130170
1845 38 74 0.165490
1846 41 74 0.214841
1847 60 74 0.190011
1848 69 74 0.145405
1849 70 74 0.221690
1850 71 74 0.100228
1851 79 74 0.103697
1852 89 74 0.202371
1853 97 74 0.109323
1854 106 74 0.187642
1855 109 74 0.199752
1856 110 74 0.223590
1857 113 74 0.213658
1858 116 74 0.086626
1859 119 74 0.205894
1860 125 74 0.100497
1861 128 74 0.194666
1862 137 74 0.105885
1863 140 74 0.123848
1864 148 74 0.203247
1865 156 74 0.106099
1866 164 74 0.113386
1867 169 74 0.222882
1868 176 74 0.088934
1869 181 74 0.178056
1870 186 74 0.168095
1871 188 74 0.170044
1872 190 74 0.141112
1873 193 74 0.151319
1874 195 74 0.191610
1875 199 74 0.207068
1876 200 74 0.179759
1877 1 75 0.030536
1878 9 75 0.047629
1879 10 75 0.151503
1880 18 75 0.163072
1881 54 75 0.132130
1882 62 75 0.116644
1883 101 75 0.176837
1884 102 75 0.162816
1885 138 75 0.101356
1886 141 75 0.191397
1887 4 76 0.141690
1888 6 76 0.205238
1889 7 76 0.076406
1890 8 76 0.221186
1891 19 76 0.151388
1892 27 76 0.124999
1893 29 76 0.166994
1894 36 76 0.169531
1895 43 76 0.152428
1896 45 76 0.126444
1897 49 76 0.122428
1898 56 76 0.188034
1899 58 76 0.053099
1900 61 76 0.095851
1901 65 76 0.219468
1902 73 76 0.061667
1903 91 76 0.166659
1904 101 76 0.209729
1905 104 76 0.220368
1906 120 76 0.178659
1907 122 76 0.151974
1908 129 76 0.139985
1909 130 76 0.116263
1910 134 76 0.215938
1911 143 76 0.182210
1912 144 76 0.181724
1913 146 76 0.063638
1914 147 76 0.065605
1915 151 76 0.131395
1916 155 76 0.098153
1917 157 76 0.122536
1918 166 76 0.152450
1919 178 76 0.100671
1920 179 76 0.099888
1921 182 76 0.106150
1922 187 76 0.077628
1923 192 76 0.156437
1924 198 76 0.099772
1925 14 77 0.087511
1926 21 77 0.128723
1927 22 77 0.139576
1928 25 77 0.154848
1929 41 77 0.131822
1930 44 77 0.138994
1931 47 77 0.145892
1932 69 77 0.184326
1933 71 77 0.204337
1934 97 77 0.180970
1935 105 77 0.042115
1936 108 77 0.026540
1937 110 77 0.133423
1938 113 77 0.058769
1939 118 77 0.010618
1940 119 77 0.221575
1941 137 77 0.174129
1942 172 77 0.182864
1943 186 77 0.138253
1944 193 77 0.216305
1945 4 78 0.219616
1946 5 78 0.204332
1947 8 78 0.122867
1948 11 78 0.078198
1949 32 78 0.140336
1950 36 78 0.175400
1951 43 78 0.165470
1952 46 78 0.210649
1953 48 78 0.054541
1954 53 78 0.145071
1955 66 78 0.214973
1956 68 78 0.168862
1957 84 78 0.156497
1958 85 78 0.190922
1959 87 78 0.129058
1960 93 78 0.175050
1961 95 78 0.103454
1962 104 78 0.143109
1963 126 78 0.197611
1964 154 78 0.222817
1965 161 78 0.166243
1966 168 78 0.182903
1967 171 78 0.077232
1968 182 78 0.207167
1969 185 78 0.199191
1970 2 79 0.215475
1971 16 79 0.181112
1972 21 79 0.174449
1973 22 79 0.217742
1974 25 79 0.125585
1975 35 79 0.158288
1976 44 79 0.163914
1977 59 79 0.171528
1978 66 79 0.215907
1979 69 79 0.197620
1980 70 79 0.177572
1981 71 79 0.163289
1982 74 79 0.103697
1983 94 79 0.211429
1984 97 79 0.156437
1985 100 79 0.209820
1986 106 79 0.177495
1987 108 79 0.214251
1988 113 79 0.201198
1989 116 79 0.156307
1990 118 79 0.218914
1991 119 79 0.103092
1992 125 79 0.204177
1993 137 79 0.059408
1994 140 79 0.195129
1995 153 79 0.200949
1996 156 79 0.007254
1997 158 79 0.198197
1998 164 79 0.213070
1999 176 79 0.023835
2000 181 79 0.156133
2001 186 79 0.097462
2002 188 79 0.159093
2003 193 79 0.048634
2004 199 79 0.214756
2005 10 80 0.222937
2006 12 80 0.170570
2007 18 80 0.224926
2008 24 80 0.035700
2009 26 80 0.220740
2010 30 80 0.186437
2011 40 80 0.026030
2012 42 80 0.097795
2013 52 80 0.185225
2014 60 80 0.212432
2015 63 80 0.053005
2016 67 80 0.141281
2017 81 80 0.177564
2018 82 80 0.147478
